0:
	TWALL1_2:
		-768.0 160.0 128.0 1.0 0.0 0.0 2.5 1.0
		-768.0 128.0 128.0 1.0 0.0 0.0 2.0 1.0
		-768.0 128.0 0.0 1.0 0.0 0.0 2.0 0.0
		-768.0 160.0 0.0 1.0 0.0 0.0 2.5 0.0
	TWALL1_2:
		-768.0 160.0 128.0 0.0 -1.0 0.0 -12.0 1.0
		-768.0 160.0 0.0 0.0 -1.0 0.0 -12.0 0.0
		-640.0 160.0 0.0 0.0 -1.0 0.0 -10.0 0.0
		-640.0 160.0 128.0 0.0 -1.0 0.0 -10.0 1.0
	TWALL1_2:
		-768.0 128.0 128.0 0.0 1.0 -0.0 12.0 1.0
		-640.0 128.0 128.0 0.0 1.0 -0.0 10.0 1.0
		-640.0 128.0 -0.0 0.0 1.0 -0.0 10.0 0.0
		-768.0 128.0 0.0 0.0 1.0 -0.0 12.0 0.0
	TWALL1_2:
		-768.0 160.0 128.0 -0.0 0.0 -1.0 0.0 1.0
		-640.0 160.0 128.0 -0.0 0.0 -1.0 0.0 1.0
		-640.0 128.0 128.0 -0.0 0.0 -1.0 0.0 1.0
		-768.0 128.0 128.0 -0.0 0.0 -1.0 0.0 1.0
	TWALL1_2:
		-768.0 160.0 0.0 0.0 0.0 1.0 0.0 0.0
		-768.0 128.0 0.0 0.0 0.0 1.0 0.0 0.0
		-640.0 128.0 -0.0 0.0 0.0 1.0 0.0 0.0
		-640.0 160.0 0.0 0.0 0.0 1.0 0.0 0.0
	TWALL1_2:
		-640.0 160.0 128.0 -1.0 -0.0 0.0 -2.5 1.0
		-640.0 160.0 0.0 -1.0 -0.0 0.0 -2.5 0.0
		-640.0 128.0 -0.0 -1.0 -0.0 0.0 -2.0 0.0
		-640.0 128.0 128.0 -1.0 -0.0 0.0 -2.0 1.0
1:
	TWALL1_2:
		-320.0 160.0 128.0 0.0 -1.0 0.0 -5.0 1.0
		-512.0 160.0 128.0 0.0 -1.0 0.0 -8.0 1.0
		-512.0 160.0 -0.0 0.0 -1.0 0.0 -8.0 0.0
		-320.0 160.0 -0.0 0.0 -1.0 0.0 -5.0 0.0
	TWALL1_2:
		-320.0 160.0 128.0 -1.0 0.0 0.0 -2.5 1.0
		-320.0 160.0 -0.0 -1.0 0.0 0.0 -2.5 0.0
		-320.0 128.0 -0.0 -1.0 0.0 0.0 -2.0 0.0
		-320.0 128.0 128.0 -1.0 0.0 0.0 -2.0 1.0
	TWALL1_2:
		-320.0 128.0 128.0 0.0 1.0 -0.0 5.0 1.0
		-320.0 128.0 -0.0 0.0 1.0 -0.0 5.0 0.0
		-512.0 128.0 0.0 0.0 1.0 -0.0 8.0 0.0
		-512.0 128.0 128.0 0.0 1.0 -0.0 8.0 1.0
	TWALL1_2:
		-320.0 160.0 128.0 -0.0 0.0 -1.0 0.0 1.0
		-320.0 128.0 128.0 -0.0 0.0 -1.0 0.0 1.0
		-512.0 128.0 128.0 -0.0 0.0 -1.0 0.0 1.0
		-512.0 160.0 128.0 -0.0 0.0 -1.0 0.0 1.0
	TWALL1_2:
		-320.0 160.0 -0.0 0.0 0.0 1.0 0.0 0.0
		-512.0 160.0 -0.0 0.0 0.0 1.0 0.0 0.0
		-512.0 128.0 0.0 0.0 0.0 1.0 0.0 0.0
		-320.0 128.0 -0.0 0.0 0.0 1.0 0.0 0.0
	TWALL1_2:
		-512.0 160.0 128.0 1.0 -0.0 0.0 2.5 1.0
		-512.0 128.0 128.0 1.0 -0.0 0.0 2.0 1.0
		-512.0 128.0 0.0 1.0 -0.0 0.0 2.0 0.0
		-512.0 160.0 -0.0 1.0 -0.0 0.0 2.5 0.0
2:
	TWALL1_2:
		-768.0 -0.0 128.0 1.0 0.0 0.0 0.0 1.0
		-768.0 -32.0 128.0 1.0 0.0 0.0 -0.5 1.0
		-768.0 -32.0 0.0 1.0 0.0 0.0 -0.5 0.0
		-768.0 -0.0 -0.0 1.0 0.0 0.0 0.0 0.0
	TWALL1_2:
		-768.0 -0.0 128.0 0.0 -1.0 0.0 -12.0 1.0
		-768.0 -0.0 -0.0 0.0 -1.0 0.0 -12.0 0.0
		-256.0 -0.0 0.0 0.0 -1.0 0.0 -4.0 0.0
		-256.0 0.0 128.0 0.0 -1.0 0.0 -4.0 1.0
	TWALL1_2:
		-256.0 0.0 128.0 -1.0 0.0 0.0 0.0 1.0
		-256.0 -0.0 0.0 -1.0 0.0 0.0 0.0 0.0
		-256.0 -32.0 -0.0 -1.0 0.0 0.0 0.5 0.0
		-256.0 -32.0 128.0 -1.0 0.0 0.0 0.5 1.0
	TWALL1_2:
		-768.0 -32.0 128.0 0.0 1.0 -0.0 12.0 1.0
		-256.0 -32.0 128.0 0.0 1.0 -0.0 4.0 1.0
		-256.0 -32.0 -0.0 0.0 1.0 -0.0 4.0 0.0
		-768.0 -32.0 0.0 0.0 1.0 -0.0 12.0 0.0
	TWALL1_2:
		-768.0 -0.0 128.0 -0.0 0.0 -1.0 0.0 1.0
		-256.0 0.0 128.0 -0.0 0.0 -1.0 0.0 1.0
		-256.0 -32.0 128.0 -0.0 0.0 -1.0 0.0 1.0
		-768.0 -32.0 128.0 -0.0 0.0 -1.0 0.0 1.0
	TWALL1_2:
		-768.0 -0.0 -0.0 0.0 0.0 1.0 0.0 0.0
		-768.0 -32.0 0.0 0.0 0.0 1.0 0.0 0.0
		-256.0 -32.0 -0.0 0.0 0.0 1.0 0.0 0.0
		-256.0 -0.0 0.0 0.0 0.0 1.0 0.0 0.0
3:
	TWALL2_6:
		-768.0 160.0 160.0 1.0 0.0 0.0 2.5 3.0
		-768.0 128.0 160.0 1.0 0.0 0.0 2.0 3.0
		-768.0 128.0 128.0 1.0 0.0 0.0 2.0 2.5
		-768.0 160.0 128.0 1.0 0.0 0.0 2.5 2.5
	TWALL2_6:
		-768.0 160.0 160.0 0.0 -1.0 0.0 -12.0 3.0
		-768.0 160.0 128.0 0.0 -1.0 0.0 -12.0 2.5
		-287.99999999999994 160.0 128.0 0.0 -1.0 0.0 -4.499999999999999 2.5
		-287.99999999999994 160.0 160.0 0.0 -1.0 0.0 -4.499999999999999 3.0
	TWALL2_6:
		-287.99999999999994 160.0 160.0 -0.7071067811865475 0.7071067811865475 0.0 1.4142135623730943 3.0
		-287.99999999999994 160.0 128.0 -0.7071067811865475 0.7071067811865475 0.0 1.4142135623730943 2.5
		-319.99999999999994 128.0 128.0 -0.7071067811865475 0.7071067811865475 0.0 2.121320343559642 2.5
		-319.99999999999994 128.0 160.0 -0.7071067811865475 0.7071067811865475 0.0 2.121320343559642 3.0
	TWALL2_6:
		-768.0 128.0 160.0 0.0 1.0 0.0 12.0 3.0
		-319.99999999999994 128.0 160.0 0.0 1.0 0.0 4.999999999999999 3.0
		-319.99999999999994 128.0 128.0 0.0 1.0 0.0 4.999999999999999 2.5
		-768.0 128.0 128.0 0.0 1.0 0.0 12.0 2.5
	ECOP1_2:
		-768.0 160.0 160.0 -0.0 0.0 -1.0 0.0 0.0
		-287.99999999999994 160.0 160.0 -0.0 0.0 -1.0 0.0 0.0
		-319.99999999999994 128.0 160.0 -0.0 0.0 -1.0 0.0 0.0
		-768.0 128.0 160.0 -0.0 0.0 -1.0 0.0 0.0
	TWALL2_6:
		-768.0 160.0 128.0 0.0 0.0 1.0 0.0 2.5
		-768.0 128.0 128.0 0.0 0.0 1.0 0.0 2.5
		-319.99999999999994 128.0 128.0 0.0 0.0 1.0 0.0 2.5
		-287.99999999999994 160.0 128.0 0.0 0.0 1.0 0.0 2.5
4:
	TWALL2_6:
		-768.0 -0.0 160.0 1.0 0.0 0.0 0.0 3.0
		-768.0 -32.0 160.0 1.0 0.0 0.0 -0.5 3.0
		-768.0 -32.0 128.0 1.0 0.0 0.0 -0.5 2.5
		-768.0 -0.0 128.0 1.0 0.0 0.0 0.0 2.5
	TWALL2_6:
		-768.0 -0.0 160.0 0.0 -1.0 0.0 -12.0 3.0
		-768.0 -0.0 128.0 0.0 -1.0 0.0 -12.0 2.5
		-256.0 -0.0 128.0 0.0 -1.0 0.0 -4.0 2.5
		-256.0 0.0 160.0 0.0 -1.0 0.0 -4.0 3.0
	TWALL2_6:
		-256.0 0.0 160.0 -1.0 0.0 0.0 0.0 3.0
		-256.0 -0.0 128.0 -1.0 0.0 0.0 0.0 2.5
		-256.0 -32.0 128.0 -1.0 0.0 0.0 0.5 2.5
		-256.0 -32.0 160.0 -1.0 0.0 0.0 0.5 3.0
	TWALL2_6:
		-768.0 -32.0 160.0 0.0 1.0 -0.0 12.0 3.0
		-256.0 -32.0 160.0 0.0 1.0 -0.0 4.0 3.0
		-256.0 -32.0 128.0 0.0 1.0 -0.0 4.0 2.5
		-768.0 -32.0 128.0 0.0 1.0 -0.0 12.0 2.5
	ECOP1_2:
		-768.0 -0.0 160.0 -0.0 0.0 -1.0 0.0 0.0
		-256.0 0.0 160.0 -0.0 0.0 -1.0 0.0 0.0
		-256.0 -32.0 160.0 -0.0 0.0 -1.0 0.0 0.0
		-768.0 -32.0 160.0 -0.0 0.0 -1.0 0.0 0.0
	TWALL2_6:
		-768.0 -0.0 128.0 0.0 0.0 1.0 0.0 2.5
		-768.0 -32.0 128.0 0.0 0.0 1.0 0.0 2.5
		-256.0 -32.0 128.0 0.0 0.0 1.0 0.0 2.5
		-256.0 -0.0 128.0 0.0 0.0 1.0 0.0 2.5
5:
	SFLOOR4_2:
		-768.0 128.0 0.0 1.0 0.0 0.0 2.0 0.0
		-768.0 -0.0 -0.0 1.0 0.0 0.0 0.0 0.0
		-768.0 0.0 -16.0 1.0 0.0 0.0 0.0 -0.25
		-768.0 128.0 -16.0 1.0 0.0 0.0 2.0 -0.25
	SFLOOR4_2:
		-768.0 128.0 0.0 0.0 -1.0 0.0 -12.0 0.0
		-768.0 128.0 -16.0 0.0 -1.0 0.0 -12.0 -0.25
		-256.0 128.0 -16.0 0.0 -1.0 0.0 -4.0 -0.25
		-256.0 128.0 0.0 0.0 -1.0 0.0 -4.0 0.0
	SFLOOR4_2:
		-256.0 128.0 0.0 -1.0 0.0 0.0 -2.0 0.0
		-256.0 128.0 -16.0 -1.0 0.0 0.0 -2.0 -0.25
		-256.0 0.0 -16.0 -1.0 0.0 0.0 0.0 -0.25
		-256.0 0.0 0.0 -1.0 0.0 0.0 0.0 0.0
	SFLOOR4_2:
		-768.0 -0.0 -0.0 0.0 1.0 -0.0 12.0 0.0
		-256.0 0.0 0.0 0.0 1.0 -0.0 4.0 0.0
		-256.0 0.0 -16.0 0.0 1.0 -0.0 4.0 -0.25
		-768.0 0.0 -16.0 0.0 1.0 -0.0 12.0 -0.25
	SFLOOR4_2:
		-768.0 128.0 0.0 -0.0 0.0 -1.0 0.0 0.0
		-256.0 128.0 0.0 -0.0 0.0 -1.0 0.0 0.0
		-256.0 0.0 0.0 -0.0 0.0 -1.0 0.0 0.0
		-768.0 -0.0 -0.0 -0.0 0.0 -1.0 0.0 0.0
	SFLOOR4_2:
		-768.0 128.0 -16.0 0.0 0.0 1.0 0.0 -0.25
		-768.0 0.0 -16.0 0.0 0.0 1.0 0.0 -0.25
		-256.0 0.0 -16.0 0.0 0.0 1.0 0.0 -0.25
		-256.0 128.0 -16.0 0.0 0.0 1.0 0.0 -0.25
6:
	TWALL2_6:
		-288.0 128.0 160.0 1.0 0.0 0.0 2.0 3.0
		-288.0 0.0 160.0 1.0 0.0 0.0 0.0 3.0
		-288.0 0.0 128.0 1.0 0.0 0.0 0.0 2.5
		-288.0 128.0 128.0 1.0 0.0 0.0 2.0 2.5
	TWALL2_6:
		-288.0 128.0 160.0 0.0 -1.0 0.0 -4.5 3.0
		-288.0 128.0 128.0 0.0 -1.0 0.0 -4.5 2.5
		-280.0 128.0 128.0 0.0 -1.0 0.0 -4.375 2.5
		-280.0 128.0 160.0 0.0 -1.0 0.0 -4.375 3.0
	TWALL2_6:
		-288.0 0.0 160.0 0.0 1.0 -0.0 4.5 3.0
		-280.0 0.0 160.0 0.0 1.0 -0.0 4.375 3.0
		-280.0 -0.0 128.0 0.0 1.0 -0.0 4.375 2.5
		-288.0 0.0 128.0 0.0 1.0 -0.0 4.5 2.5
	ECOP1_2:
		-288.0 128.0 160.0 -0.0 0.0 -1.0 0.0 0.0
		-280.0 128.0 160.0 -0.0 0.0 -1.0 0.0 0.0
		-280.0 0.0 160.0 -0.0 0.0 -1.0 0.0 0.0
		-288.0 0.0 160.0 -0.0 0.0 -1.0 0.0 0.0
	TLIGHT08:
		-288.0 128.0 128.0 0.0 0.0 1.0 0.0 1.0
		-288.0 0.0 128.0 0.0 0.0 1.0 0.0 1.0
		-280.0 -0.0 128.0 0.0 0.0 1.0 0.0 1.0
		-280.0 128.0 128.0 0.0 0.0 1.0 0.0 1.0
	TLIGHT08:
		-280.0 128.0 160.0 -1.0 -0.0 0.0 -4.0 1.25
		-280.0 128.0 128.0 -1.0 -0.0 0.0 -4.0 1.0
		-280.0 -0.0 128.0 -1.0 -0.0 0.0 0.0 1.0
		-280.0 0.0 160.0 -1.0 -0.0 0.0 0.0 1.25
7:
	TWALL2_6:
		-256.0 128.0 160.0 0.0 -1.0 0.0 -4.0 3.0
		-264.0 128.0 160.0 0.0 -1.0 0.0 -4.125 3.0
		-264.0 128.0 128.0 0.0 -1.0 0.0 -4.125 2.5
		-256.0 128.0 128.0 0.0 -1.0 0.0 -4.0 2.5
	TWALL2_6:
		-256.0 128.0 160.0 -1.0 0.0 0.0 -2.0 3.0
		-256.0 128.0 128.0 -1.0 0.0 0.0 -2.0 2.5
		-256.0 -0.0 128.0 -1.0 0.0 0.0 0.0 2.5
		-256.0 0.0 160.0 -1.0 0.0 0.0 0.0 3.0
	TWALL2_6:
		-256.0 0.0 160.0 0.0 1.0 -0.0 4.0 3.0
		-256.0 -0.0 128.0 0.0 1.0 -0.0 4.0 2.5
		-264.0 0.0 128.0 0.0 1.0 -0.0 4.125 2.5
		-264.0 0.0 160.0 0.0 1.0 -0.0 4.125 3.0
	ECOP1_2:
		-256.0 128.0 160.0 -0.0 0.0 -1.0 0.0 0.0
		-256.0 0.0 160.0 -0.0 0.0 -1.0 0.0 0.0
		-264.0 0.0 160.0 -0.0 0.0 -1.0 0.0 0.0
		-264.0 128.0 160.0 -0.0 0.0 -1.0 0.0 0.0
	TLIGHT08:
		-256.0 128.0 128.0 0.0 0.0 1.0 0.0 1.0
		-264.0 128.0 128.0 0.0 0.0 1.0 0.0 1.0
		-264.0 0.0 128.0 0.0 0.0 1.0 0.0 1.0
		-256.0 -0.0 128.0 0.0 0.0 1.0 0.0 1.0
	TLIGHT08:
		-264.0 128.0 160.0 1.0 -0.0 0.0 4.0 1.25
		-264.0 0.0 160.0 1.0 -0.0 0.0 0.0 1.25
		-264.0 0.0 128.0 1.0 -0.0 0.0 0.0 1.0
		-264.0 128.0 128.0 1.0 -0.0 0.0 4.0 1.0
8:
	TWALL1_2:
		-256.0 -0.0 128.0 1.0 0.0 0.0 0.0 1.0
		-256.0 -32.0 128.0 1.0 0.0 0.0 -0.5 1.0
		-256.0 -32.0 0.0 1.0 0.0 0.0 -0.5 0.0
		-256.0 -0.0 -0.0 1.0 0.0 0.0 0.0 0.0
	TWALL1_2:
		-256.0 -0.0 128.0 0.0 -1.0 0.0 -4.0 1.0
		-256.0 -0.0 -0.0 0.0 -1.0 0.0 -4.0 0.0
		-192.0 -0.0 0.0 0.0 -1.0 0.0 -3.0 0.0
		-192.0 0.0 128.0 0.0 -1.0 0.0 -3.0 1.0
	TWALL1_2:
		-192.0 0.0 128.0 -1.0 0.0 0.0 0.0 1.0
		-192.0 -0.0 0.0 -1.0 0.0 0.0 0.0 0.0
		-192.0 -32.0 -0.0 -1.0 0.0 0.0 0.5 0.0
		-192.0 -32.0 128.0 -1.0 0.0 0.0 0.5 1.0
	TWALL1_2:
		-256.0 -32.0 128.0 0.0 1.0 -0.0 4.0 1.0
		-192.0 -32.0 128.0 0.0 1.0 -0.0 3.0 1.0
		-192.0 -32.0 -0.0 0.0 1.0 -0.0 3.0 0.0
		-256.0 -32.0 0.0 0.0 1.0 -0.0 4.0 0.0
	TWALL1_2:
		-256.0 -0.0 128.0 -0.0 0.0 -1.0 0.0 1.0
		-192.0 0.0 128.0 -0.0 0.0 -1.0 0.0 1.0
		-192.0 -32.0 128.0 -0.0 0.0 -1.0 0.0 1.0
		-256.0 -32.0 128.0 -0.0 0.0 -1.0 0.0 1.0
	TWALL1_2:
		-256.0 -0.0 -0.0 0.0 0.0 1.0 0.0 0.0
		-256.0 -32.0 0.0 0.0 0.0 1.0 0.0 0.0
		-192.0 -32.0 -0.0 0.0 0.0 1.0 0.0 0.0
		-192.0 -0.0 0.0 0.0 0.0 1.0 0.0 0.0
9:
	TWALL1_2:
		-192.0 0.0 128.0 1.0 0.0 0.0 0.0 1.0
		-192.0 -32.000000000000014 128.0 1.0 0.0 0.0 -0.5000000000000002 1.0
		-192.0 -32.000000000000014 0.0 1.0 0.0 0.0 -0.5000000000000002 0.0
		-192.0 -0.0 0.0 1.0 0.0 0.0 0.0 0.0
	TWALL1_2:
		-192.0 0.0 128.0 0.7071067811865475 -0.7071067811865475 0.0 -2.1213203435596424 1.0
		-192.0 -0.0 0.0 0.7071067811865475 -0.7071067811865475 0.0 -2.1213203435596424 0.0
		-128.0 64.0 -0.0 0.7071067811865475 -0.7071067811865475 0.0 -0.7071067811865475 0.0
		-128.0 64.0 128.0 0.7071067811865475 -0.7071067811865475 0.0 -0.7071067811865475 1.0
	TWALL1_2:
		-128.0 64.0 128.0 0.0 -1.0 0.0 -2.0 1.0
		-128.0 64.0 -0.0 0.0 -1.0 0.0 -2.0 0.0
		-96.0 64.0 -0.0 0.0 -1.0 0.0 -1.5 0.0
		-96.0 64.0 128.0 0.0 -1.0 0.0 -1.5 1.0
	TWALL1_2:
		-192.0 -32.000000000000014 128.0 -0.7071067811865476 0.7071067811865476 0.0 2.474873734152917 1.0
		-96.0 64.0 128.0 -0.7071067811865476 0.7071067811865476 0.0 0.35355339059327384 1.0
		-96.0 64.0 -0.0 -0.7071067811865476 0.7071067811865476 0.0 0.35355339059327384 0.0
		-192.0 -32.000000000000014 0.0 -0.7071067811865476 0.7071067811865476 0.0 2.474873734152917 0.0
	TWALL1_2:
		-192.0 0.0 128.0 0.0 0.0 -1.0 0.0 1.0
		-128.0 64.0 128.0 0.0 0.0 -1.0 0.0 1.0
		-96.0 64.0 128.0 0.0 0.0 -1.0 0.0 1.0
		-192.0 -32.000000000000014 128.0 0.0 0.0 -1.0 0.0 1.0
	TWALL1_2:
		-192.0 -0.0 0.0 0.0 0.0 1.0 0.0 0.0
		-192.0 -32.000000000000014 0.0 0.0 0.0 1.0 0.0 0.0
		-96.0 64.0 -0.0 0.0 0.0 1.0 0.0 0.0
		-128.0 64.0 -0.0 0.0 0.0 1.0 0.0 0.0
10:
	TWALL1_2:
		-128.0 576.0 128.0 1.0 0.0 0.0 9.0 1.0
		-128.0 64.0 128.0 1.0 0.0 0.0 1.0 1.0
		-128.0 64.0 0.0 1.0 0.0 0.0 1.0 0.0
		-128.0 576.0 0.0 1.0 0.0 0.0 9.0 0.0
	TWALL1_2:
		-128.0 576.0 128.0 0.0 -1.0 0.0 -2.0 1.0
		-128.0 576.0 0.0 0.0 -1.0 0.0 -2.0 0.0
		-96.0 576.0 -0.0 0.0 -1.0 0.0 -1.5 0.0
		-96.0 576.0 128.0 0.0 -1.0 0.0 -1.5 1.0
	TWALL1_2:
		-96.0 576.0 128.0 -1.0 0.0 0.0 -9.0 1.0
		-96.0 576.0 -0.0 -1.0 0.0 0.0 -9.0 0.0
		-96.0 64.0 -0.0 -1.0 0.0 0.0 -1.0 0.0
		-96.0 64.0 128.0 -1.0 0.0 0.0 -1.0 1.0
	TWALL1_2:
		-128.0 64.0 128.0 0.0 1.0 -0.0 2.0 1.0
		-96.0 64.0 128.0 0.0 1.0 -0.0 1.5 1.0
		-96.0 64.0 -0.0 0.0 1.0 -0.0 1.5 0.0
		-128.0 64.0 0.0 0.0 1.0 -0.0 2.0 0.0
	TWALL1_2:
		-128.0 576.0 128.0 -0.0 0.0 -1.0 0.0 1.0
		-96.0 576.0 128.0 -0.0 0.0 -1.0 0.0 1.0
		-96.0 64.0 128.0 -0.0 0.0 -1.0 0.0 1.0
		-128.0 64.0 128.0 -0.0 0.0 -1.0 0.0 1.0
	TWALL1_2:
		-128.0 576.0 0.0 0.0 0.0 1.0 0.0 0.0
		-128.0 64.0 0.0 0.0 0.0 1.0 0.0 0.0
		-96.0 64.0 -0.0 0.0 0.0 1.0 0.0 0.0
		-96.0 576.0 -0.0 0.0 0.0 1.0 0.0 0.0
11:
	SFLOOR4_2:
		-256.0 128.0 0.0 1.0 0.0 0.0 2.0 0.0
		-256.0 -0.0 -0.0 1.0 0.0 0.0 0.0 0.0
		-256.0 0.0 -16.0 1.0 0.0 0.0 0.0 -0.25
		-256.0 128.0 -16.0 1.0 0.0 0.0 2.0 -0.25
	SFLOOR4_2:
		-256.0 128.0 0.0 0.0 -1.0 0.0 -4.0 0.0
		-256.0 128.0 -16.0 0.0 -1.0 0.0 -4.0 -0.25
		-192.0 128.0 -16.0 0.0 -1.0 0.0 -3.0 -0.25
		-192.0 128.0 0.0 0.0 -1.0 0.0 -3.0 0.0
	SFLOOR4_2:
		-192.0 128.0 0.0 -1.0 0.0 0.0 -2.0 0.0
		-192.0 128.0 -16.0 -1.0 0.0 0.0 -2.0 -0.25
		-192.0 0.0 -16.0 -1.0 0.0 0.0 0.0 -0.25
		-192.0 0.0 0.0 -1.0 0.0 0.0 0.0 0.0
	SFLOOR4_2:
		-256.0 -0.0 -0.0 0.0 1.0 -0.0 4.0 0.0
		-192.0 0.0 0.0 0.0 1.0 -0.0 3.0 0.0
		-192.0 0.0 -16.0 0.0 1.0 -0.0 3.0 -0.25
		-256.0 0.0 -16.0 0.0 1.0 -0.0 4.0 -0.25
	SFLOOR4_2:
		-256.0 128.0 0.0 -0.0 0.0 -1.0 0.0 0.0
		-192.0 128.0 0.0 -0.0 0.0 -1.0 0.0 0.0
		-192.0 0.0 0.0 -0.0 0.0 -1.0 0.0 0.0
		-256.0 -0.0 -0.0 -0.0 0.0 -1.0 0.0 0.0
	SFLOOR4_2:
		-256.0 128.0 -16.0 0.0 0.0 1.0 0.0 -0.25
		-256.0 0.0 -16.0 0.0 0.0 1.0 0.0 -0.25
		-192.0 0.0 -16.0 0.0 0.0 1.0 0.0 -0.25
		-192.0 128.0 -16.0 0.0 0.0 1.0 0.0 -0.25
12:
	SFLOOR4_2:
		-192.0 128.0 0.0 1.0 0.0 0.0 2.0 0.0
		-192.0 -0.0 -0.0 1.0 0.0 0.0 0.0 0.0
		-192.0 0.0 -16.0 1.0 0.0 0.0 0.0 -0.25
		-192.0 128.0 -16.0 1.0 0.0 0.0 2.0 -0.25
	SFLOOR4_2:
		-192.0 128.0 0.0 0.0 -1.0 0.0 -3.0 0.0
		-192.0 128.0 -16.0 0.0 -1.0 0.0 -3.0 -0.25
		-128.0 128.0 -16.0 0.0 -1.0 0.0 -2.0 -0.25
		-128.0 128.0 0.0 0.0 -1.0 0.0 -2.0 0.0
	SFLOOR4_2:
		-128.0 128.0 0.0 -1.0 0.0 0.0 -2.0 0.0
		-128.0 128.0 -16.0 -1.0 0.0 0.0 -2.0 -0.25
		-128.0 64.0 -16.0 -1.0 0.0 0.0 -1.0 -0.25
		-128.0 64.0 0.0 -1.0 0.0 0.0 -1.0 0.0
	SFLOOR4_2:
		-192.0 -0.0 -0.0 -0.7071067811865475 0.7071067811865475 0.0 2.1213203435596424 0.0
		-128.0 64.0 0.0 -0.7071067811865475 0.7071067811865475 0.0 0.7071067811865475 0.0
		-128.0 64.0 -16.0 -0.7071067811865475 0.7071067811865475 0.0 0.7071067811865475 -0.25
		-192.0 0.0 -16.0 -0.7071067811865475 0.7071067811865475 0.0 2.1213203435596424 -0.25
	SFLOOR4_2:
		-192.0 128.0 0.0 -0.0 0.0 -1.0 0.0 0.0
		-128.0 128.0 0.0 -0.0 0.0 -1.0 0.0 0.0
		-128.0 64.0 0.0 -0.0 0.0 -1.0 0.0 0.0
		-192.0 -0.0 -0.0 -0.0 0.0 -1.0 0.0 0.0
	SFLOOR4_2:
		-192.0 128.0 -16.0 0.0 0.0 1.0 0.0 -0.25
		-192.0 0.0 -16.0 0.0 0.0 1.0 0.0 -0.25
		-128.0 64.0 -16.0 0.0 0.0 1.0 0.0 -0.25
		-128.0 128.0 -16.0 0.0 0.0 1.0 0.0 -0.25
13:
	TWALL2_6:
		-256.0 -0.0 160.0 1.0 0.0 0.0 0.0 3.0
		-256.0 -32.0 160.0 1.0 0.0 0.0 -0.5 3.0
		-256.0 -32.0 128.0 1.0 0.0 0.0 -0.5 2.5
		-256.0 -0.0 128.0 1.0 0.0 0.0 0.0 2.5
	TWALL2_6:
		-256.0 -0.0 160.0 0.0 -1.0 0.0 -4.0 3.0
		-256.0 -0.0 128.0 0.0 -1.0 0.0 -4.0 2.5
		-192.0 -0.0 128.0 0.0 -1.0 0.0 -3.0 2.5
		-192.0 0.0 160.0 0.0 -1.0 0.0 -3.0 3.0
	TWALL2_6:
		-192.0 0.0 160.0 -1.0 0.0 0.0 0.0 3.0
		-192.0 -0.0 128.0 -1.0 0.0 0.0 0.0 2.5
		-192.0 -32.0 128.0 -1.0 0.0 0.0 0.5 2.5
		-192.0 -32.0 160.0 -1.0 0.0 0.0 0.5 3.0
	TWALL2_6:
		-256.0 -32.0 160.0 0.0 1.0 -0.0 4.0 3.0
		-192.0 -32.0 160.0 0.0 1.0 -0.0 3.0 3.0
		-192.0 -32.0 128.0 0.0 1.0 -0.0 3.0 2.5
		-256.0 -32.0 128.0 0.0 1.0 -0.0 4.0 2.5
	ECOP1_2:
		-256.0 -0.0 160.0 -0.0 0.0 -1.0 0.0 0.0
		-192.0 0.0 160.0 -0.0 0.0 -1.0 0.0 0.0
		-192.0 -32.0 160.0 -0.0 0.0 -1.0 0.0 0.0
		-256.0 -32.0 160.0 -0.0 0.0 -1.0 0.0 0.0
	TWALL2_6:
		-256.0 -0.0 128.0 0.0 0.0 1.0 0.0 2.5
		-256.0 -32.0 128.0 0.0 0.0 1.0 0.0 2.5
		-192.0 -32.0 128.0 0.0 0.0 1.0 0.0 2.5
		-192.0 -0.0 128.0 0.0 0.0 1.0 0.0 2.5
14:
	TWALL2_6:
		-192.0 0.0 160.0 1.0 0.0 0.0 0.0 3.0
		-192.0 -32.000000000000014 160.0 1.0 0.0 0.0 -0.5000000000000002 3.0
		-192.0 -32.000000000000014 128.0 1.0 0.0 0.0 -0.5000000000000002 2.5
		-192.0 -0.0 128.0 1.0 0.0 0.0 0.0 2.5
	TWALL2_6:
		-192.0 0.0 160.0 0.7071067811865475 -0.7071067811865475 0.0 -2.1213203435596424 3.0
		-192.0 -0.0 128.0 0.7071067811865475 -0.7071067811865475 0.0 -2.1213203435596424 2.5
		-128.0 64.0 128.0 0.7071067811865475 -0.7071067811865475 0.0 -0.7071067811865475 2.5
		-128.0 64.0 160.0 0.7071067811865475 -0.7071067811865475 0.0 -0.7071067811865475 3.0
	TWALL2_6:
		-128.0 64.0 160.0 0.0 -1.0 0.0 -2.0 3.0
		-128.0 64.0 128.0 0.0 -1.0 0.0 -2.0 2.5
		-96.0 64.0 128.0 0.0 -1.0 0.0 -1.5 2.5
		-96.0 64.0 160.0 0.0 -1.0 0.0 -1.5 3.0
	TWALL2_6:
		-192.0 -32.000000000000014 160.0 -0.7071067811865476 0.7071067811865476 0.0 2.474873734152917 3.0
		-96.0 64.0 160.0 -0.7071067811865476 0.7071067811865476 0.0 0.35355339059327384 3.0
		-96.0 64.0 128.0 -0.7071067811865476 0.7071067811865476 0.0 0.35355339059327384 2.5
		-192.0 -32.000000000000014 128.0 -0.7071067811865476 0.7071067811865476 0.0 2.474873734152917 2.5
	ECOP1_2:
		-192.0 0.0 160.0 0.0 0.0 -1.0 0.0 0.0
		-128.0 64.0 160.0 0.0 0.0 -1.0 0.0 0.0
		-96.0 64.0 160.0 0.0 0.0 -1.0 0.0 0.0
		-192.0 -32.000000000000014 160.0 0.0 0.0 -1.0 0.0 0.0
	TWALL2_6:
		-192.0 -0.0 128.0 0.0 0.0 1.0 0.0 2.5
		-192.0 -32.000000000000014 128.0 0.0 0.0 1.0 0.0 2.5
		-96.0 64.0 128.0 0.0 0.0 1.0 0.0 2.5
		-128.0 64.0 128.0 0.0 0.0 1.0 0.0 2.5
15:
	TWALL2_6:
		-128.0 576.0 160.0 1.0 0.0 0.0 9.0 3.0
		-128.0 64.0 160.0 1.0 0.0 0.0 1.0 3.0
		-128.0 64.0 128.0 1.0 0.0 0.0 1.0 2.5
		-128.0 576.0 128.0 1.0 0.0 0.0 9.0 2.5
	TWALL2_6:
		-128.0 576.0 160.0 0.0 -1.0 0.0 -2.0 3.0
		-128.0 576.0 128.0 0.0 -1.0 0.0 -2.0 2.5
		-96.0 576.0 128.0 0.0 -1.0 0.0 -1.5 2.5
		-96.0 576.0 160.0 0.0 -1.0 0.0 -1.5 3.0
	TWALL2_6:
		-96.0 576.0 160.0 -1.0 0.0 0.0 -9.0 3.0
		-96.0 576.0 128.0 -1.0 0.0 0.0 -9.0 2.5
		-96.0 64.0 128.0 -1.0 0.0 0.0 -1.0 2.5
		-96.0 64.0 160.0 -1.0 0.0 0.0 -1.0 3.0
	TWALL2_6:
		-128.0 64.0 160.0 0.0 1.0 -0.0 2.0 3.0
		-96.0 64.0 160.0 0.0 1.0 -0.0 1.5 3.0
		-96.0 64.0 128.0 0.0 1.0 -0.0 1.5 2.5
		-128.0 64.0 128.0 0.0 1.0 -0.0 2.0 2.5
	ECOP1_2:
		-128.0 576.0 160.0 -0.0 0.0 -1.0 0.0 0.0
		-96.0 576.0 160.0 -0.0 0.0 -1.0 0.0 0.0
		-96.0 64.0 160.0 -0.0 0.0 -1.0 0.0 0.0
		-128.0 64.0 160.0 -0.0 0.0 -1.0 0.0 0.0
	TWALL2_6:
		-128.0 576.0 128.0 0.0 0.0 1.0 0.0 2.5
		-128.0 64.0 128.0 0.0 0.0 1.0 0.0 2.5
		-96.0 64.0 128.0 0.0 0.0 1.0 0.0 2.5
		-96.0 576.0 128.0 0.0 0.0 1.0 0.0 2.5
16:
	SFLOOR4_2:
		-256.0 576.0 0.0 1.0 0.0 0.0 9.0 0.0
		-256.0 128.0 -0.0 1.0 0.0 0.0 2.0 0.0
		-256.0 128.0 -16.0 1.0 0.0 0.0 2.0 -0.25
		-256.0 576.0 -16.0 1.0 0.0 0.0 9.0 -0.25
	SFLOOR4_2:
		-256.0 576.0 0.0 0.0 -1.0 0.0 -4.0 0.0
		-256.0 576.0 -16.0 0.0 -1.0 0.0 -4.0 -0.25
		-128.0 576.0 -16.0 0.0 -1.0 0.0 -2.0 -0.25
		-128.0 576.0 0.0 0.0 -1.0 0.0 -2.0 0.0
	SFLOOR4_2:
		-128.0 576.0 0.0 -1.0 0.0 0.0 -9.0 0.0
		-128.0 576.0 -16.0 -1.0 0.0 0.0 -9.0 -0.25
		-128.0 128.0 -16.0 -1.0 0.0 0.0 -2.0 -0.25
		-128.0 128.0 0.0 -1.0 0.0 0.0 -2.0 0.0
	SFLOOR4_2:
		-256.0 128.0 -0.0 0.0 1.0 -0.0 4.0 0.0
		-128.0 128.0 0.0 0.0 1.0 -0.0 2.0 0.0
		-128.0 128.0 -16.0 0.0 1.0 -0.0 2.0 -0.25
		-256.0 128.0 -16.0 0.0 1.0 -0.0 4.0 -0.25
	SFLOOR4_2:
		-256.0 576.0 0.0 -0.0 0.0 -1.0 0.0 0.0
		-128.0 576.0 0.0 -0.0 0.0 -1.0 0.0 0.0
		-128.0 128.0 0.0 -0.0 0.0 -1.0 0.0 0.0
		-256.0 128.0 -0.0 -0.0 0.0 -1.0 0.0 0.0
	SFLOOR4_2:
		-256.0 576.0 -16.0 0.0 0.0 1.0 0.0 -0.25
		-256.0 128.0 -16.0 0.0 0.0 1.0 0.0 -0.25
		-128.0 128.0 -16.0 0.0 0.0 1.0 0.0 -0.25
		-128.0 576.0 -16.0 0.0 0.0 1.0 0.0 -0.25
17:
	TWALL1_2:
		-288.0 576.0 128.0 1.0 0.0 0.0 9.0 1.0
		-288.0 192.0 128.0 1.0 0.0 0.0 3.0 1.0
		-288.0 192.0 0.0 1.0 0.0 0.0 3.0 0.0
		-288.0 576.0 0.0 1.0 0.0 0.0 9.0 0.0
	TWALL1_2:
		-288.0 576.0 128.0 0.0 -1.0 0.0 -4.5 1.0
		-288.0 576.0 0.0 0.0 -1.0 0.0 -4.5 0.0
		-256.0 576.0 -0.0 0.0 -1.0 0.0 -4.0 0.0
		-256.0 576.0 128.0 0.0 -1.0 0.0 -4.0 1.0
	TWALL1_2:
		-256.0 576.0 128.0 -1.0 0.0 0.0 -9.0 1.0
		-256.0 576.0 -0.0 -1.0 0.0 0.0 -9.0 0.0
		-256.0 192.0 -0.0 -1.0 0.0 0.0 -3.0 0.0
		-256.0 192.0 128.0 -1.0 0.0 0.0 -3.0 1.0
	TWALL1_2:
		-288.0 192.0 128.0 0.0 1.0 -0.0 4.5 1.0
		-256.0 192.0 128.0 0.0 1.0 -0.0 4.0 1.0
		-256.0 192.0 -0.0 0.0 1.0 -0.0 4.0 0.0
		-288.0 192.0 0.0 0.0 1.0 -0.0 4.5 0.0
	TWALL1_2:
		-288.0 576.0 128.0 -0.0 0.0 -1.0 0.0 1.0
		-256.0 576.0 128.0 -0.0 0.0 -1.0 0.0 1.0
		-256.0 192.0 128.0 -0.0 0.0 -1.0 0.0 1.0
		-288.0 192.0 128.0 -0.0 0.0 -1.0 0.0 1.0
	TWALL1_2:
		-288.0 576.0 0.0 0.0 0.0 1.0 0.0 0.0
		-288.0 192.0 0.0 0.0 0.0 1.0 0.0 0.0
		-256.0 192.0 -0.0 0.0 0.0 1.0 0.0 0.0
		-256.0 576.0 -0.0 0.0 0.0 1.0 0.0 0.0
18:
	TWALL2_6:
		-288.0 576.0 160.0 1.0 0.0 0.0 9.0 3.0
		-288.0 159.99999999999994 160.0 1.0 0.0 0.0 2.499999999999999 3.0
		-288.0 159.99999999999994 128.0 1.0 0.0 0.0 2.499999999999999 2.5
		-288.0 576.0 128.0 1.0 0.0 0.0 9.0 2.5
	TWALL2_6:
		-288.0 576.0 160.0 0.0 -1.0 0.0 -4.5 3.0
		-288.0 576.0 128.0 0.0 -1.0 0.0 -4.5 2.5
		-256.0 576.0 128.0 0.0 -1.0 0.0 -4.0 2.5
		-256.0 576.0 160.0 0.0 -1.0 0.0 -4.0 3.0
	TWALL2_6:
		-256.0 576.0 160.0 -1.0 -0.0 0.0 -9.0 3.0
		-256.0 576.0 128.0 -1.0 -0.0 0.0 -9.0 2.5
		-256.0 191.99999999999997 128.0 -1.0 -0.0 0.0 -2.9999999999999996 2.5
		-256.0 191.99999999999997 160.0 -1.0 -0.0 0.0 -2.9999999999999996 3.0
	TWALL2_6:
		-288.0 159.99999999999994 160.0 -0.7071067811865475 0.7071067811865475 0.0 1.4142135623730958 3.0
		-256.0 191.99999999999997 160.0 -0.7071067811865475 0.7071067811865475 0.0 0.7071067811865479 3.0
		-256.0 191.99999999999997 128.0 -0.7071067811865475 0.7071067811865475 0.0 0.7071067811865479 2.5
		-288.0 159.99999999999994 128.0 -0.7071067811865475 0.7071067811865475 0.0 1.4142135623730958 2.5
	ECOP1_2:
		-288.0 576.0 160.0 -0.0 0.0 -1.0 0.0 0.0
		-256.0 576.0 160.0 -0.0 0.0 -1.0 0.0 0.0
		-256.0 191.99999999999997 160.0 -0.0 0.0 -1.0 0.0 0.0
		-288.0 159.99999999999994 160.0 -0.0 0.0 -1.0 0.0 0.0
	TWALL2_6:
		-288.0 576.0 128.0 0.0 0.0 1.0 0.0 2.5
		-288.0 159.99999999999994 128.0 0.0 0.0 1.0 0.0 2.5
		-256.0 191.99999999999997 128.0 0.0 0.0 1.0 0.0 2.5
		-256.0 576.0 128.0 0.0 0.0 1.0 0.0 2.5
19:
	TLIGHT09:
		-280.0 128.0 160.0 1.0 0.0 0.0 4.0 1.25
		-280.0 0.0 160.0 1.0 0.0 0.0 0.0 1.25
		-280.0 0.0 132.0 1.0 0.0 0.0 0.0 1.03125
		-280.0 128.0 132.0 1.0 0.0 0.0 4.0 1.03125
	TLIGHT09:
		-280.0 128.0 160.0 0.0 -1.0 0.0 -8.75 1.25
		-280.0 128.0 132.0 0.0 -1.0 0.0 -8.75 1.03125
		-264.0 128.0 132.0 0.0 -1.0 0.0 -8.25 1.03125
		-264.0 128.0 160.0 0.0 -1.0 0.0 -8.25 1.25
	TLIGHT09:
		-264.0 128.0 160.0 -1.0 0.0 0.0 -4.0 1.25
		-264.0 128.0 132.0 -1.0 0.0 0.0 -4.0 1.03125
		-264.0 -0.0 132.0 -1.0 0.0 0.0 0.0 1.03125
		-264.0 0.0 160.0 -1.0 0.0 0.0 0.0 1.25
	TLIGHT09:
		-280.0 0.0 160.0 0.0 1.0 -0.0 8.75 1.25
		-264.0 0.0 160.0 0.0 1.0 -0.0 8.25 1.25
		-264.0 -0.0 132.0 0.0 1.0 -0.0 8.25 1.03125
		-280.0 0.0 132.0 0.0 1.0 -0.0 8.75 1.03125
	ECOP1_2:
		-280.0 128.0 160.0 -0.0 0.0 -1.0 0.0 0.0
		-264.0 128.0 160.0 -0.0 0.0 -1.0 0.0 0.0
		-264.0 0.0 160.0 -0.0 0.0 -1.0 0.0 0.0
		-280.0 0.0 160.0 -0.0 0.0 -1.0 0.0 0.0
	TLIGHT09:
		-280.0 128.0 132.0 0.0 0.0 1.0 0.5 1.03125
		-280.0 0.0 132.0 0.0 0.0 1.0 0.5 1.03125
		-264.0 -0.0 132.0 0.0 0.0 1.0 0.5 1.03125
		-264.0 128.0 132.0 0.0 0.0 1.0 0.5 1.03125
20:
	TLIGHT08:
		-280.0 128.0 160.0 1.0 0.0 0.0 4.0 1.25
		-280.0 120.0 160.0 1.0 0.0 0.0 3.75 1.25
		-280.0 120.0 128.0 1.0 0.0 0.0 3.75 1.0
		-280.0 128.0 128.0 1.0 0.0 0.0 4.0 1.0
	TLIGHT08:
		-280.0 128.0 160.0 0.0 -1.0 0.0 -8.75 1.25
		-280.0 128.0 128.0 0.0 -1.0 0.0 -8.75 1.0
		-264.0 128.0 128.0 0.0 -1.0 0.0 -8.25 1.0
		-264.0 128.0 160.0 0.0 -1.0 0.0 -8.25 1.25
	TLIGHT08:
		-264.0 128.0 160.0 -1.0 0.0 0.0 -4.0 1.25
		-264.0 128.0 128.0 -1.0 0.0 0.0 -4.0 1.0
		-264.0 120.0 128.0 -1.0 0.0 0.0 -3.75 1.0
		-264.0 120.0 160.0 -1.0 0.0 0.0 -3.75 1.25
	TLIGHT08:
		-280.0 120.0 160.0 0.0 1.0 -0.0 8.75 1.25
		-264.0 120.0 160.0 0.0 1.0 -0.0 8.25 1.25
		-264.0 120.0 128.0 0.0 1.0 -0.0 8.25 1.0
		-280.0 120.0 128.0 0.0 1.0 -0.0 8.75 1.0
	ECOP1_2:
		-280.0 128.0 160.0 -0.0 0.0 -1.0 0.0 0.0
		-264.0 128.0 160.0 -0.0 0.0 -1.0 0.0 0.0
		-264.0 120.0 160.0 -0.0 0.0 -1.0 0.0 0.0
		-280.0 120.0 160.0 -0.0 0.0 -1.0 0.0 0.0
	TLIGHT08:
		-280.0 128.0 128.0 0.0 0.0 1.0 0.0 1.0
		-280.0 120.0 128.0 0.0 0.0 1.0 0.0 1.0
		-264.0 120.0 128.0 0.0 0.0 1.0 0.0 1.0
		-264.0 128.0 128.0 0.0 0.0 1.0 0.0 1.0
21:
	TLIGHT08:
		-280.0 8.0 160.0 1.0 0.0 0.0 0.25 1.25
		-280.0 0.0 160.0 1.0 0.0 0.0 0.0 1.25
		-280.0 0.0 128.0 1.0 0.0 0.0 0.0 1.0
		-280.0 8.0 128.0 1.0 0.0 0.0 0.25 1.0
	TLIGHT08:
		-280.0 8.0 160.0 0.0 -1.0 0.0 -8.75 1.25
		-280.0 8.0 128.0 0.0 -1.0 0.0 -8.75 1.0
		-264.0 8.0 128.0 0.0 -1.0 0.0 -8.25 1.0
		-264.0 8.0 160.0 0.0 -1.0 0.0 -8.25 1.25
	TLIGHT08:
		-264.0 8.0 160.0 -1.0 0.0 0.0 -0.25 1.25
		-264.0 8.0 128.0 -1.0 0.0 0.0 -0.25 1.0
		-264.0 -0.0 128.0 -1.0 0.0 0.0 0.0 1.0
		-264.0 0.0 160.0 -1.0 0.0 0.0 0.0 1.25
	TLIGHT08:
		-280.0 0.0 160.0 0.0 1.0 -0.0 8.75 1.25
		-264.0 0.0 160.0 0.0 1.0 -0.0 8.25 1.25
		-264.0 -0.0 128.0 0.0 1.0 -0.0 8.25 1.0
		-280.0 0.0 128.0 0.0 1.0 -0.0 8.75 1.0
	TLIGHT08:
		-280.0 8.0 160.0 -0.0 0.0 -1.0 0.0 1.25
		-264.0 8.0 160.0 -0.0 0.0 -1.0 0.0 1.25
		-264.0 0.0 160.0 -0.0 0.0 -1.0 0.0 1.25
		-280.0 0.0 160.0 -0.0 0.0 -1.0 0.0 1.25
	TLIGHT08:
		-280.0 8.0 128.0 0.0 0.0 1.0 0.0 1.0
		-280.0 0.0 128.0 0.0 0.0 1.0 0.0 1.0
		-264.0 -0.0 128.0 0.0 0.0 1.0 0.0 1.0
		-264.0 8.0 128.0 0.0 0.0 1.0 0.0 1.0
22:
	TWALL2_6:
		-512.0 128.0 160.0 1.0 0.0 0.0 2.0 3.0
		-512.0 0.0 160.0 1.0 0.0 0.0 0.0 3.0
		-512.0 0.0 128.0 1.0 0.0 0.0 0.0 2.5
		-512.0 128.0 128.0 1.0 0.0 0.0 2.0 2.5
	TWALL2_6:
		-512.0 128.0 160.0 0.0 -1.0 0.0 -8.0 3.0
		-512.0 128.0 128.0 0.0 -1.0 0.0 -8.0 2.5
		-504.0 128.0 128.0 0.0 -1.0 0.0 -7.875 2.5
		-504.0 128.0 160.0 0.0 -1.0 0.0 -7.875 3.0
	TWALL2_6:
		-512.0 0.0 160.0 0.0 1.0 -0.0 8.0 3.0
		-504.0 0.0 160.0 0.0 1.0 -0.0 7.875 3.0
		-504.0 -0.0 128.0 0.0 1.0 -0.0 7.875 2.5
		-512.0 0.0 128.0 0.0 1.0 -0.0 8.0 2.5
	ECOP1_2:
		-512.0 128.0 160.0 -0.0 0.0 -1.0 0.0 0.0
		-504.0 128.0 160.0 -0.0 0.0 -1.0 0.0 0.0
		-504.0 0.0 160.0 -0.0 0.0 -1.0 0.0 0.0
		-512.0 0.0 160.0 -0.0 0.0 -1.0 0.0 0.0
	TLIGHT08:
		-512.0 128.0 128.0 0.0 0.0 1.0 0.0 1.0
		-512.0 0.0 128.0 0.0 0.0 1.0 0.0 1.0
		-504.0 -0.0 128.0 0.0 0.0 1.0 0.0 1.0
		-504.0 128.0 128.0 0.0 0.0 1.0 0.0 1.0
	TLIGHT08:
		-504.0 128.0 160.0 -1.0 -0.0 0.0 -4.0 1.25
		-504.0 128.0 128.0 -1.0 -0.0 0.0 -4.0 1.0
		-504.0 -0.0 128.0 -1.0 -0.0 0.0 0.0 1.0
		-504.0 0.0 160.0 -1.0 -0.0 0.0 0.0 1.25
23:
	TWALL2_6:
		-480.0 128.0 160.0 0.0 -1.0 0.0 -7.5 3.0
		-488.0 128.0 160.0 0.0 -1.0 0.0 -7.625 3.0
		-488.0 128.0 128.0 0.0 -1.0 0.0 -7.625 2.5
		-480.0 128.0 128.0 0.0 -1.0 0.0 -7.5 2.5
	TWALL2_6:
		-480.0 128.0 160.0 -1.0 0.0 0.0 -2.0 3.0
		-480.0 128.0 128.0 -1.0 0.0 0.0 -2.0 2.5
		-480.0 -0.0 128.0 -1.0 0.0 0.0 0.0 2.5
		-480.0 0.0 160.0 -1.0 0.0 0.0 0.0 3.0
	TWALL2_6:
		-480.0 0.0 160.0 0.0 1.0 -0.0 7.5 3.0
		-480.0 -0.0 128.0 0.0 1.0 -0.0 7.5 2.5
		-488.0 0.0 128.0 0.0 1.0 -0.0 7.625 2.5
		-488.0 0.0 160.0 0.0 1.0 -0.0 7.625 3.0
	ECOP1_2:
		-480.0 128.0 160.0 -0.0 0.0 -1.0 0.0 0.0
		-480.0 0.0 160.0 -0.0 0.0 -1.0 0.0 0.0
		-488.0 0.0 160.0 -0.0 0.0 -1.0 0.0 0.0
		-488.0 128.0 160.0 -0.0 0.0 -1.0 0.0 0.0
	TLIGHT08:
		-480.0 128.0 128.0 0.0 0.0 1.0 0.0 1.0
		-488.0 128.0 128.0 0.0 0.0 1.0 0.0 1.0
		-488.0 0.0 128.0 0.0 0.0 1.0 0.0 1.0
		-480.0 -0.0 128.0 0.0 0.0 1.0 0.0 1.0
	TLIGHT08:
		-488.0 128.0 160.0 1.0 -0.0 0.0 4.0 1.25
		-488.0 0.0 160.0 1.0 -0.0 0.0 0.0 1.25
		-488.0 0.0 128.0 1.0 -0.0 0.0 0.0 1.0
		-488.0 128.0 128.0 1.0 -0.0 0.0 4.0 1.0
24:
	TLIGHT09:
		-504.0 128.0 160.0 1.0 0.0 0.0 4.0 1.25
		-504.0 0.0 160.0 1.0 0.0 0.0 0.0 1.25
		-504.0 0.0 132.0 1.0 0.0 0.0 0.0 1.03125
		-504.0 128.0 132.0 1.0 0.0 0.0 4.0 1.03125
	TLIGHT09:
		-504.0 128.0 160.0 0.0 -1.0 0.0 -15.75 1.25
		-504.0 128.0 132.0 0.0 -1.0 0.0 -15.75 1.03125
		-488.0 128.0 132.0 0.0 -1.0 0.0 -15.25 1.03125
		-488.0 128.0 160.0 0.0 -1.0 0.0 -15.25 1.25
	TLIGHT09:
		-488.0 128.0 160.0 -1.0 0.0 0.0 -4.0 1.25
		-488.0 128.0 132.0 -1.0 0.0 0.0 -4.0 1.03125
		-488.0 -0.0 132.0 -1.0 0.0 0.0 0.0 1.03125
		-488.0 0.0 160.0 -1.0 0.0 0.0 0.0 1.25
	TLIGHT09:
		-504.0 0.0 160.0 0.0 1.0 -0.0 15.75 1.25
		-488.0 0.0 160.0 0.0 1.0 -0.0 15.25 1.25
		-488.0 -0.0 132.0 0.0 1.0 -0.0 15.25 1.03125
		-504.0 0.0 132.0 0.0 1.0 -0.0 15.75 1.03125
	ECOP1_2:
		-504.0 128.0 160.0 -0.0 0.0 -1.0 0.0 0.0
		-488.0 128.0 160.0 -0.0 0.0 -1.0 0.0 0.0
		-488.0 0.0 160.0 -0.0 0.0 -1.0 0.0 0.0
		-504.0 0.0 160.0 -0.0 0.0 -1.0 0.0 0.0
	TLIGHT09:
		-504.0 128.0 132.0 0.0 0.0 1.0 0.5 1.03125
		-504.0 0.0 132.0 0.0 0.0 1.0 0.5 1.03125
		-488.0 -0.0 132.0 0.0 0.0 1.0 0.5 1.03125
		-488.0 128.0 132.0 0.0 0.0 1.0 0.5 1.03125
25:
	TLIGHT08:
		-504.0 128.0 160.0 1.0 0.0 0.0 4.0 1.25
		-504.0 120.0 160.0 1.0 0.0 0.0 3.75 1.25
		-504.0 120.0 128.0 1.0 0.0 0.0 3.75 1.0
		-504.0 128.0 128.0 1.0 0.0 0.0 4.0 1.0
	TLIGHT08:
		-504.0 128.0 160.0 0.0 -1.0 0.0 -15.75 1.25
		-504.0 128.0 128.0 0.0 -1.0 0.0 -15.75 1.0
		-488.0 128.0 128.0 0.0 -1.0 0.0 -15.25 1.0
		-488.0 128.0 160.0 0.0 -1.0 0.0 -15.25 1.25
	TLIGHT08:
		-488.0 128.0 160.0 -1.0 0.0 0.0 -4.0 1.25
		-488.0 128.0 128.0 -1.0 0.0 0.0 -4.0 1.0
		-488.0 120.0 128.0 -1.0 0.0 0.0 -3.75 1.0
		-488.0 120.0 160.0 -1.0 0.0 0.0 -3.75 1.25
	TLIGHT08:
		-504.0 120.0 160.0 0.0 1.0 -0.0 15.75 1.25
		-488.0 120.0 160.0 0.0 1.0 -0.0 15.25 1.25
		-488.0 120.0 128.0 0.0 1.0 -0.0 15.25 1.0
		-504.0 120.0 128.0 0.0 1.0 -0.0 15.75 1.0
	ECOP1_2:
		-504.0 128.0 160.0 -0.0 0.0 -1.0 0.0 0.0
		-488.0 128.0 160.0 -0.0 0.0 -1.0 0.0 0.0
		-488.0 120.0 160.0 -0.0 0.0 -1.0 0.0 0.0
		-504.0 120.0 160.0 -0.0 0.0 -1.0 0.0 0.0
	TLIGHT08:
		-504.0 128.0 128.0 0.0 0.0 1.0 0.0 1.0
		-504.0 120.0 128.0 0.0 0.0 1.0 0.0 1.0
		-488.0 120.0 128.0 0.0 0.0 1.0 0.0 1.0
		-488.0 128.0 128.0 0.0 0.0 1.0 0.0 1.0
26:
	TLIGHT08:
		-504.0 8.0 160.0 1.0 0.0 0.0 0.25 1.25
		-504.0 0.0 160.0 1.0 0.0 0.0 0.0 1.25
		-504.0 0.0 128.0 1.0 0.0 0.0 0.0 1.0
		-504.0 8.0 128.0 1.0 0.0 0.0 0.25 1.0
	TLIGHT08:
		-504.0 8.0 160.0 0.0 -1.0 0.0 -15.75 1.25
		-504.0 8.0 128.0 0.0 -1.0 0.0 -15.75 1.0
		-488.0 8.0 128.0 0.0 -1.0 0.0 -15.25 1.0
		-488.0 8.0 160.0 0.0 -1.0 0.0 -15.25 1.25
	TLIGHT08:
		-488.0 8.0 160.0 -1.0 0.0 0.0 -0.25 1.25
		-488.0 8.0 128.0 -1.0 0.0 0.0 -0.25 1.0
		-488.0 -0.0 128.0 -1.0 0.0 0.0 0.0 1.0
		-488.0 0.0 160.0 -1.0 0.0 0.0 0.0 1.25
	TLIGHT08:
		-504.0 0.0 160.0 0.0 1.0 -0.0 15.75 1.25
		-488.0 0.0 160.0 0.0 1.0 -0.0 15.25 1.25
		-488.0 -0.0 128.0 0.0 1.0 -0.0 15.25 1.0
		-504.0 0.0 128.0 0.0 1.0 -0.0 15.75 1.0
	ECOP1_2:
		-504.0 8.0 160.0 -0.0 0.0 -1.0 0.0 0.0
		-488.0 8.0 160.0 -0.0 0.0 -1.0 0.0 0.0
		-488.0 0.0 160.0 -0.0 0.0 -1.0 0.0 0.0
		-504.0 0.0 160.0 -0.0 0.0 -1.0 0.0 0.0
	TLIGHT08:
		-504.0 8.0 128.0 0.0 0.0 1.0 0.0 1.0
		-504.0 0.0 128.0 0.0 0.0 1.0 0.0 1.0
		-488.0 -0.0 128.0 0.0 0.0 1.0 0.0 1.0
		-488.0 8.0 128.0 0.0 0.0 1.0 0.0 1.0
27:
	TWALL2_6:
		-736.0 128.0 160.0 1.0 0.0 0.0 2.0 3.0
		-736.0 0.0 160.0 1.0 0.0 0.0 0.0 3.0
		-736.0 0.0 128.0 1.0 0.0 0.0 0.0 2.5
		-736.0 128.0 128.0 1.0 0.0 0.0 2.0 2.5
	TWALL2_6:
		-736.0 128.0 160.0 0.0 -1.0 0.0 -11.5 3.0
		-736.0 128.0 128.0 0.0 -1.0 0.0 -11.5 2.5
		-728.0 128.0 128.0 0.0 -1.0 0.0 -11.375 2.5
		-728.0 128.0 160.0 0.0 -1.0 0.0 -11.375 3.0
	TWALL2_6:
		-736.0 0.0 160.0 0.0 1.0 -0.0 11.5 3.0
		-728.0 0.0 160.0 0.0 1.0 -0.0 11.375 3.0
		-728.0 -0.0 128.0 0.0 1.0 -0.0 11.375 2.5
		-736.0 0.0 128.0 0.0 1.0 -0.0 11.5 2.5
	ECOP1_2:
		-736.0 128.0 160.0 -0.0 0.0 -1.0 0.0 0.0
		-728.0 128.0 160.0 -0.0 0.0 -1.0 0.0 0.0
		-728.0 0.0 160.0 -0.0 0.0 -1.0 0.0 0.0
		-736.0 0.0 160.0 -0.0 0.0 -1.0 0.0 0.0
	TLIGHT08:
		-736.0 128.0 128.0 0.0 0.0 1.0 0.0 1.0
		-736.0 0.0 128.0 0.0 0.0 1.0 0.0 1.0
		-728.0 -0.0 128.0 0.0 0.0 1.0 0.0 1.0
		-728.0 128.0 128.0 0.0 0.0 1.0 0.0 1.0
	TLIGHT08:
		-728.0 128.0 160.0 -1.0 -0.0 0.0 -4.0 1.25
		-728.0 128.0 128.0 -1.0 -0.0 0.0 -4.0 1.0
		-728.0 -0.0 128.0 -1.0 -0.0 0.0 0.0 1.0
		-728.0 0.0 160.0 -1.0 -0.0 0.0 0.0 1.25
28:
	TWALL2_6:
		-704.0 128.0 160.0 0.0 -1.0 0.0 -11.0 3.0
		-712.0 128.0 160.0 0.0 -1.0 0.0 -11.125 3.0
		-712.0 128.0 128.0 0.0 -1.0 0.0 -11.125 2.5
		-704.0 128.0 128.0 0.0 -1.0 0.0 -11.0 2.5
	TWALL2_6:
		-704.0 128.0 160.0 -1.0 0.0 0.0 -2.0 3.0
		-704.0 128.0 128.0 -1.0 0.0 0.0 -2.0 2.5
		-704.0 -0.0 128.0 -1.0 0.0 0.0 0.0 2.5
		-704.0 0.0 160.0 -1.0 0.0 0.0 0.0 3.0
	TWALL2_6:
		-704.0 0.0 160.0 0.0 1.0 -0.0 11.0 3.0
		-704.0 -0.0 128.0 0.0 1.0 -0.0 11.0 2.5
		-712.0 0.0 128.0 0.0 1.0 -0.0 11.125 2.5
		-712.0 0.0 160.0 0.0 1.0 -0.0 11.125 3.0
	ECOP1_2:
		-704.0 128.0 160.0 -0.0 0.0 -1.0 0.0 0.0
		-704.0 0.0 160.0 -0.0 0.0 -1.0 0.0 0.0
		-712.0 0.0 160.0 -0.0 0.0 -1.0 0.0 0.0
		-712.0 128.0 160.0 -0.0 0.0 -1.0 0.0 0.0
	TLIGHT08:
		-704.0 128.0 128.0 0.0 0.0 1.0 0.0 1.0
		-712.0 128.0 128.0 0.0 0.0 1.0 0.0 1.0
		-712.0 0.0 128.0 0.0 0.0 1.0 0.0 1.0
		-704.0 -0.0 128.0 0.0 0.0 1.0 0.0 1.0
	TLIGHT08:
		-712.0 128.0 160.0 1.0 -0.0 0.0 4.0 1.25
		-712.0 0.0 160.0 1.0 -0.0 0.0 0.0 1.25
		-712.0 0.0 128.0 1.0 -0.0 0.0 0.0 1.0
		-712.0 128.0 128.0 1.0 -0.0 0.0 4.0 1.0
29:
	TLIGHT09:
		-728.0 128.0 160.0 1.0 0.0 0.0 4.0 1.25
		-728.0 0.0 160.0 1.0 0.0 0.0 0.0 1.25
		-728.0 0.0 132.0 1.0 0.0 0.0 0.0 1.03125
		-728.0 128.0 132.0 1.0 0.0 0.0 4.0 1.03125
	TLIGHT09:
		-728.0 128.0 160.0 0.0 -1.0 0.0 -22.75 1.25
		-728.0 128.0 132.0 0.0 -1.0 0.0 -22.75 1.03125
		-712.0 128.0 132.0 0.0 -1.0 0.0 -22.25 1.03125
		-712.0 128.0 160.0 0.0 -1.0 0.0 -22.25 1.25
	TLIGHT09:
		-712.0 128.0 160.0 -1.0 0.0 0.0 -4.0 1.25
		-712.0 128.0 132.0 -1.0 0.0 0.0 -4.0 1.03125
		-712.0 -0.0 132.0 -1.0 0.0 0.0 0.0 1.03125
		-712.0 0.0 160.0 -1.0 0.0 0.0 0.0 1.25
	TLIGHT09:
		-728.0 0.0 160.0 0.0 1.0 -0.0 22.75 1.25
		-712.0 0.0 160.0 0.0 1.0 -0.0 22.25 1.25
		-712.0 -0.0 132.0 0.0 1.0 -0.0 22.25 1.03125
		-728.0 0.0 132.0 0.0 1.0 -0.0 22.75 1.03125
	ECOP1_2:
		-728.0 128.0 160.0 -0.0 0.0 -1.0 0.0 0.0
		-712.0 128.0 160.0 -0.0 0.0 -1.0 0.0 0.0
		-712.0 0.0 160.0 -0.0 0.0 -1.0 0.0 0.0
		-728.0 0.0 160.0 -0.0 0.0 -1.0 0.0 0.0
	TLIGHT09:
		-728.0 128.0 132.0 0.0 0.0 1.0 0.5 1.03125
		-728.0 0.0 132.0 0.0 0.0 1.0 0.5 1.03125
		-712.0 -0.0 132.0 0.0 0.0 1.0 0.5 1.03125
		-712.0 128.0 132.0 0.0 0.0 1.0 0.5 1.03125
30:
	TLIGHT08:
		-728.0 128.0 160.0 1.0 0.0 0.0 4.0 1.25
		-728.0 120.0 160.0 1.0 0.0 0.0 3.75 1.25
		-728.0 120.0 128.0 1.0 0.0 0.0 3.75 1.0
		-728.0 128.0 128.0 1.0 0.0 0.0 4.0 1.0
	TLIGHT08:
		-728.0 128.0 160.0 0.0 -1.0 0.0 -22.75 1.25
		-728.0 128.0 128.0 0.0 -1.0 0.0 -22.75 1.0
		-712.0 128.0 128.0 0.0 -1.0 0.0 -22.25 1.0
		-712.0 128.0 160.0 0.0 -1.0 0.0 -22.25 1.25
	TLIGHT08:
		-712.0 128.0 160.0 -1.0 0.0 0.0 -4.0 1.25
		-712.0 128.0 128.0 -1.0 0.0 0.0 -4.0 1.0
		-712.0 120.0 128.0 -1.0 0.0 0.0 -3.75 1.0
		-712.0 120.0 160.0 -1.0 0.0 0.0 -3.75 1.25
	TLIGHT08:
		-728.0 120.0 160.0 0.0 1.0 -0.0 22.75 1.25
		-712.0 120.0 160.0 0.0 1.0 -0.0 22.25 1.25
		-712.0 120.0 128.0 0.0 1.0 -0.0 22.25 1.0
		-728.0 120.0 128.0 0.0 1.0 -0.0 22.75 1.0
	ECOP1_2:
		-728.0 128.0 160.0 -0.0 0.0 -1.0 0.0 0.0
		-712.0 128.0 160.0 -0.0 0.0 -1.0 0.0 0.0
		-712.0 120.0 160.0 -0.0 0.0 -1.0 0.0 0.0
		-728.0 120.0 160.0 -0.0 0.0 -1.0 0.0 0.0
	TLIGHT08:
		-728.0 128.0 128.0 0.0 0.0 1.0 0.0 1.0
		-728.0 120.0 128.0 0.0 0.0 1.0 0.0 1.0
		-712.0 120.0 128.0 0.0 0.0 1.0 0.0 1.0
		-712.0 128.0 128.0 0.0 0.0 1.0 0.0 1.0
31:
	TLIGHT08:
		-728.0 8.0 160.0 1.0 0.0 0.0 0.25 1.25
		-728.0 0.0 160.0 1.0 0.0 0.0 0.0 1.25
		-728.0 0.0 128.0 1.0 0.0 0.0 0.0 1.0
		-728.0 8.0 128.0 1.0 0.0 0.0 0.25 1.0
	TLIGHT08:
		-728.0 8.0 160.0 0.0 -1.0 0.0 -22.75 1.25
		-728.0 8.0 128.0 0.0 -1.0 0.0 -22.75 1.0
		-712.0 8.0 128.0 0.0 -1.0 0.0 -22.25 1.0
		-712.0 8.0 160.0 0.0 -1.0 0.0 -22.25 1.25
	TLIGHT08:
		-712.0 8.0 160.0 -1.0 0.0 0.0 -0.25 1.25
		-712.0 8.0 128.0 -1.0 0.0 0.0 -0.25 1.0
		-712.0 -0.0 128.0 -1.0 0.0 0.0 0.0 1.0
		-712.0 0.0 160.0 -1.0 0.0 0.0 0.0 1.25
	TLIGHT08:
		-728.0 0.0 160.0 0.0 1.0 -0.0 22.75 1.25
		-712.0 0.0 160.0 0.0 1.0 -0.0 22.25 1.25
		-712.0 -0.0 128.0 0.0 1.0 -0.0 22.25 1.0
		-728.0 0.0 128.0 0.0 1.0 -0.0 22.75 1.0
	ECOP1_2:
		-728.0 8.0 160.0 -0.0 0.0 -1.0 0.0 0.0
		-712.0 8.0 160.0 -0.0 0.0 -1.0 0.0 0.0
		-712.0 0.0 160.0 -0.0 0.0 -1.0 0.0 0.0
		-728.0 0.0 160.0 -0.0 0.0 -1.0 0.0 0.0
	TLIGHT08:
		-728.0 8.0 128.0 0.0 0.0 1.0 0.0 1.0
		-728.0 0.0 128.0 0.0 0.0 1.0 0.0 1.0
		-712.0 -0.0 128.0 0.0 0.0 1.0 0.0 1.0
		-712.0 8.0 128.0 0.0 0.0 1.0 0.0 1.0
32:
	TWALL2_6:
		-128.0 160.0 160.0 0.0 -1.0 0.0 -2.0 3.0
		-256.0 160.0 160.0 0.0 -1.0 0.0 -4.0 3.0
		-256.0 160.0 128.0 0.0 -1.0 0.0 -4.0 2.5
		-128.0 160.0 128.0 0.0 -1.0 0.0 -2.0 2.5
	TWALL2_6:
		-128.0 160.0 160.0 -1.0 0.0 0.0 -2.5 3.0
		-128.0 160.0 128.0 -1.0 0.0 0.0 -2.5 2.5
		-128.0 152.0 128.0 -1.0 0.0 0.0 -2.375 2.5
		-128.0 152.0 160.0 -1.0 0.0 0.0 -2.375 3.0
	TWALL2_6:
		-256.0 160.0 160.0 1.0 0.0 0.0 2.5 3.0
		-256.0 152.0 160.0 1.0 0.0 0.0 2.375 3.0
		-256.0 152.0 128.0 1.0 0.0 0.0 2.375 2.5
		-256.0 160.0 128.0 1.0 0.0 0.0 2.5 2.5
	ECOP1_2:
		-128.0 160.0 160.0 0.0 0.0 -1.0 0.0 0.0
		-128.0 152.0 160.0 0.0 0.0 -1.0 0.0 0.0
		-256.0 152.0 160.0 0.0 0.0 -1.0 0.0 0.0
		-256.0 160.0 160.0 0.0 0.0 -1.0 0.0 0.0
	TLIGHT08:
		-128.0 160.0 128.0 -0.0 0.0 1.0 0.0 1.0
		-256.0 160.0 128.0 -0.0 0.0 1.0 0.0 1.0
		-256.0 152.0 128.0 -0.0 0.0 1.0 0.0 1.0
		-128.0 152.0 128.0 -0.0 0.0 1.0 0.0 1.0
	TLIGHT08:
		-128.0 152.0 160.0 0.0 1.0 0.0 4.0 1.25
		-128.0 152.0 128.0 0.0 1.0 0.0 4.0 1.0
		-256.0 152.0 128.0 0.0 1.0 0.0 8.0 1.0
		-256.0 152.0 160.0 0.0 1.0 0.0 8.0 1.25
33:
	TWALL2_6:
		-128.0 128.0 160.0 -1.0 0.0 0.0 -2.0 3.0
		-128.0 136.0 160.0 -1.0 0.0 0.0 -2.125 3.0
		-128.0 136.0 128.0 -1.0 0.0 0.0 -2.125 2.5
		-128.0 128.0 128.0 -1.0 0.0 0.0 -2.0 2.5
	TWALL2_6:
		-128.0 128.0 160.0 0.0 1.0 -0.0 2.0 3.0
		-128.0 128.0 128.0 0.0 1.0 -0.0 2.0 2.5
		-256.0 128.0 128.0 0.0 1.0 -0.0 4.0 2.5
		-256.0 128.0 160.0 0.0 1.0 -0.0 4.0 3.0
	TWALL2_6:
		-256.0 128.0 160.0 1.0 0.0 0.0 2.0 3.0
		-256.0 128.0 128.0 1.0 0.0 0.0 2.0 2.5
		-256.0 136.0 128.0 1.0 0.0 0.0 2.125 2.5
		-256.0 136.0 160.0 1.0 0.0 0.0 2.125 3.0
	ECOP1_2:
		-128.0 128.0 160.0 0.0 0.0 -1.0 0.0 0.0
		-256.0 128.0 160.0 0.0 0.0 -1.0 0.0 0.0
		-256.0 136.0 160.0 0.0 0.0 -1.0 0.0 0.0
		-128.0 136.0 160.0 0.0 0.0 -1.0 0.0 0.0
	TLIGHT08:
		-128.0 128.0 128.0 -0.0 0.0 1.0 0.0 1.0
		-128.0 136.0 128.0 -0.0 0.0 1.0 0.0 1.0
		-256.0 136.0 128.0 -0.0 0.0 1.0 0.0 1.0
		-256.0 128.0 128.0 -0.0 0.0 1.0 0.0 1.0
	TLIGHT08:
		-128.0 136.0 160.0 0.0 -1.0 0.0 -4.0 1.25
		-256.0 136.0 160.0 0.0 -1.0 0.0 -8.0 1.25
		-256.0 136.0 128.0 0.0 -1.0 0.0 -8.0 1.0
		-128.0 136.0 128.0 0.0 -1.0 0.0 -4.0 1.0
34:
	TLIGHT09:
		-128.0 152.0 160.0 0.0 -1.0 0.0 -4.0 1.25
		-256.0 152.0 160.0 0.0 -1.0 0.0 -8.0 1.25
		-256.0 152.0 132.0 0.0 -1.0 0.0 -8.0 1.03125
		-128.0 152.0 132.0 0.0 -1.0 0.0 -4.0 1.03125
	TLIGHT09:
		-128.0 152.0 160.0 -1.0 0.0 0.0 -4.75 1.25
		-128.0 152.0 132.0 -1.0 0.0 0.0 -4.75 1.03125
		-128.0 136.0 132.0 -1.0 0.0 0.0 -4.25 1.03125
		-128.0 136.0 160.0 -1.0 0.0 0.0 -4.25 1.25
	TLIGHT09:
		-128.0 136.0 160.0 0.0 1.0 -0.0 4.0 1.25
		-128.0 136.0 132.0 0.0 1.0 -0.0 4.0 1.03125
		-256.0 136.0 132.0 0.0 1.0 -0.0 8.0 1.03125
		-256.0 136.0 160.0 0.0 1.0 -0.0 8.0 1.25
	TLIGHT09:
		-256.0 152.0 160.0 1.0 0.0 0.0 4.75 1.25
		-256.0 136.0 160.0 1.0 0.0 0.0 4.25 1.25
		-256.0 136.0 132.0 1.0 0.0 0.0 4.25 1.03125
		-256.0 152.0 132.0 1.0 0.0 0.0 4.75 1.03125
	ECOP1_2:
		-128.0 152.0 160.0 0.0 0.0 -1.0 0.0 0.0
		-128.0 136.0 160.0 0.0 0.0 -1.0 0.0 0.0
		-256.0 136.0 160.0 0.0 0.0 -1.0 0.0 0.0
		-256.0 152.0 160.0 0.0 0.0 -1.0 0.0 0.0
	TLIGHT09:
		-128.0 152.0 132.0 -0.0 0.0 1.0 0.5 1.03125
		-256.0 152.0 132.0 -0.0 0.0 1.0 0.5 1.03125
		-256.0 136.0 132.0 -0.0 0.0 1.0 0.5 1.03125
		-128.0 136.0 132.0 -0.0 0.0 1.0 0.5 1.03125
35:
	TLIGHT08:
		-128.0 152.0 160.0 0.0 -1.0 0.0 -4.0 1.25
		-136.0 152.0 160.0 0.0 -1.0 0.0 -4.25 1.25
		-136.0 152.0 128.0 0.0 -1.0 0.0 -4.25 1.0
		-128.0 152.0 128.0 0.0 -1.0 0.0 -4.0 1.0
	TLIGHT08:
		-128.0 152.0 160.0 -1.0 0.0 0.0 -4.75 1.25
		-128.0 152.0 128.0 -1.0 0.0 0.0 -4.75 1.0
		-128.0 136.0 128.0 -1.0 0.0 0.0 -4.25 1.0
		-128.0 136.0 160.0 -1.0 0.0 0.0 -4.25 1.25
	TLIGHT08:
		-128.0 136.0 160.0 0.0 1.0 -0.0 4.0 1.25
		-128.0 136.0 128.0 0.0 1.0 -0.0 4.0 1.0
		-136.0 136.0 128.0 0.0 1.0 -0.0 4.25 1.0
		-136.0 136.0 160.0 0.0 1.0 -0.0 4.25 1.25
	TLIGHT08:
		-136.0 152.0 160.0 1.0 0.0 0.0 4.75 1.25
		-136.0 136.0 160.0 1.0 0.0 0.0 4.25 1.25
		-136.0 136.0 128.0 1.0 0.0 0.0 4.25 1.0
		-136.0 152.0 128.0 1.0 0.0 0.0 4.75 1.0
	TLIGHT08:
		-128.0 152.0 160.0 0.0 0.0 -1.0 0.0 1.25
		-128.0 136.0 160.0 0.0 0.0 -1.0 0.0 1.25
		-136.0 136.0 160.0 0.0 0.0 -1.0 0.0 1.25
		-136.0 152.0 160.0 0.0 0.0 -1.0 0.0 1.25
	TLIGHT08:
		-128.0 152.0 128.0 -0.0 0.0 1.0 0.0 1.0
		-136.0 152.0 128.0 -0.0 0.0 1.0 0.0 1.0
		-136.0 136.0 128.0 -0.0 0.0 1.0 0.0 1.0
		-128.0 136.0 128.0 -0.0 0.0 1.0 0.0 1.0
36:
	TLIGHT08:
		-248.0 152.0 160.0 0.0 -1.0 0.0 -7.75 1.25
		-256.0 152.0 160.0 0.0 -1.0 0.0 -8.0 1.25
		-256.0 152.0 128.0 0.0 -1.0 0.0 -8.0 1.0
		-248.0 152.0 128.0 0.0 -1.0 0.0 -7.75 1.0
	TLIGHT08:
		-248.0 152.0 160.0 -1.0 0.0 0.0 -4.75 1.25
		-248.0 152.0 128.0 -1.0 0.0 0.0 -4.75 1.0
		-248.0 136.0 128.0 -1.0 0.0 0.0 -4.25 1.0
		-248.0 136.0 160.0 -1.0 0.0 0.0 -4.25 1.25
	TLIGHT08:
		-248.0 136.0 160.0 0.0 1.0 -0.0 7.75 1.25
		-248.0 136.0 128.0 0.0 1.0 -0.0 7.75 1.0
		-256.0 136.0 128.0 0.0 1.0 -0.0 8.0 1.0
		-256.0 136.0 160.0 0.0 1.0 -0.0 8.0 1.25
	TLIGHT08:
		-256.0 152.0 160.0 1.0 0.0 0.0 4.75 1.25
		-256.0 136.0 160.0 1.0 0.0 0.0 4.25 1.25
		-256.0 136.0 128.0 1.0 0.0 0.0 4.25 1.0
		-256.0 152.0 128.0 1.0 0.0 0.0 4.75 1.0
	ECOP1_2:
		-248.0 152.0 160.0 0.0 0.0 -1.0 0.0 0.0
		-248.0 136.0 160.0 0.0 0.0 -1.0 0.0 0.0
		-256.0 136.0 160.0 0.0 0.0 -1.0 0.0 0.0
		-256.0 152.0 160.0 0.0 0.0 -1.0 0.0 0.0
	TLIGHT08:
		-248.0 152.0 128.0 -0.0 0.0 1.0 0.0 1.0
		-256.0 152.0 128.0 -0.0 0.0 1.0 0.0 1.0
		-256.0 136.0 128.0 -0.0 0.0 1.0 0.0 1.0
		-248.0 136.0 128.0 -0.0 0.0 1.0 0.0 1.0
37:
	TWALL1_2:
		-320.0 160.00000000000006 128.0 1.0 0.0 0.0 2.500000000000001 1.0
		-320.0 127.99999999999996 128.0 1.0 0.0 0.0 1.9999999999999993 1.0
		-320.0 127.99999999999996 0.0 1.0 0.0 0.0 1.9999999999999993 0.0
		-320.0 160.00000000000006 0.0 1.0 0.0 0.0 2.500000000000001 0.0
	TWALL1_2:
		-320.0 160.00000000000006 128.0 0.7071067811865475 -0.7071067811865475 0.0 -1.767766952966368 1.0
		-320.0 160.00000000000006 0.0 0.7071067811865475 -0.7071067811865475 0.0 -1.767766952966368 0.0
		-288.00000000000006 192.0 -0.0 0.7071067811865475 -0.7071067811865475 0.0 -1.0606601717798219 0.0
		-288.00000000000006 192.0 128.0 0.7071067811865475 -0.7071067811865475 0.0 -1.0606601717798219 1.0
	TWALL1_2:
		-288.00000000000006 192.0 128.0 0.0 -1.0 0.0 -4.500000000000001 1.0
		-288.00000000000006 192.0 -0.0 0.0 -1.0 0.0 -4.500000000000001 0.0
		-255.99999999999997 192.0 -0.0 0.0 -1.0 0.0 -3.9999999999999996 0.0
		-255.99999999999997 192.0 128.0 0.0 -1.0 0.0 -3.9999999999999996 1.0
	TWALL1_2:
		-320.0 127.99999999999996 128.0 -0.7071067811865475 0.7071067811865475 0.0 2.121320343559643 1.0
		-255.99999999999997 192.0 128.0 -0.7071067811865475 0.7071067811865475 0.0 0.707106781186547 1.0
		-255.99999999999997 192.0 -0.0 -0.7071067811865475 0.7071067811865475 0.0 0.707106781186547 0.0
		-320.0 127.99999999999996 0.0 -0.7071067811865475 0.7071067811865475 0.0 2.121320343559643 0.0
	TWALL1_2:
		-320.0 160.00000000000006 128.0 0.0 0.0 -1.0 0.0 1.0
		-288.00000000000006 192.0 128.0 0.0 0.0 -1.0 0.0 1.0
		-255.99999999999997 192.0 128.0 0.0 0.0 -1.0 0.0 1.0
		-320.0 127.99999999999996 128.0 0.0 0.0 -1.0 0.0 1.0
	TWALL1_2:
		-320.0 160.00000000000006 0.0 0.0 0.0 1.0 0.0 0.0
		-320.0 127.99999999999996 0.0 0.0 0.0 1.0 0.0 0.0
		-255.99999999999997 192.0 -0.0 0.0 0.0 1.0 0.0 0.0
		-288.00000000000006 192.0 -0.0 0.0 0.0 1.0 0.0 0.0
38:
	SFLOOR4_2:
		-256.0 192.00000000000003 0.0 0.7071067811865475 -0.7071067811865475 0.0 -0.707106781186547 0.0
		-320.00000000000006 128.0 -0.0 0.7071067811865475 -0.7071067811865475 0.0 -2.121320343559643 0.0
		-320.00000000000006 128.0 -16.0 0.7071067811865475 -0.7071067811865475 0.0 -2.121320343559643 -0.25
		-256.0 192.00000000000003 -16.0 0.7071067811865475 -0.7071067811865475 0.0 -0.707106781186547 -0.25
	SFLOOR4_2:
		-256.0 192.00000000000003 0.0 -1.0 0.0 0.0 -3.0000000000000004 0.0
		-256.0 192.00000000000003 -16.0 -1.0 0.0 0.0 -3.0000000000000004 -0.25
		-256.0 128.0 -16.0 -1.0 0.0 0.0 -2.0 -0.25
		-256.0 128.0 0.0 -1.0 0.0 0.0 -2.0 0.0
	SFLOOR4_2:
		-320.00000000000006 128.0 -0.0 0.0 1.0 -0.0 5.000000000000001 0.0
		-256.0 128.0 0.0 0.0 1.0 -0.0 4.0 0.0
		-256.0 128.0 -16.0 0.0 1.0 -0.0 4.0 -0.25
		-320.00000000000006 128.0 -16.0 0.0 1.0 -0.0 5.000000000000001 -0.25
	SFLOOR4_2:
		-256.0 192.00000000000003 0.0 -0.0 0.0 -1.0 0.0 0.0
		-256.0 128.0 0.0 -0.0 0.0 -1.0 0.0 0.0
		-320.00000000000006 128.0 -0.0 -0.0 0.0 -1.0 0.0 0.0
	SFLOOR4_2:
		-256.0 192.00000000000003 -16.0 0.0 0.0 1.0 0.0 -0.25
		-320.00000000000006 128.0 -16.0 0.0 0.0 1.0 0.0 -0.25
		-256.0 128.0 -16.0 0.0 0.0 1.0 0.0 -0.25
39:
	TWALL2_6:
		-288.0 160.0 160.0 1.0 0.0 0.0 2.5 3.0
		-288.0 128.0 160.0 1.0 0.0 0.0 2.0 3.0
		-288.0 128.0 128.0 1.0 0.0 0.0 2.0 2.5
		-288.0 160.0 128.0 1.0 0.0 0.0 2.5 2.5
	TWALL2_6:
		-288.0 160.0 160.0 0.0 -1.0 0.0 -4.5 3.0
		-288.0 160.0 128.0 0.0 -1.0 0.0 -4.5 2.5
		-256.0 160.0 128.0 0.0 -1.0 0.0 -4.0 2.5
		-256.0 160.0 160.0 0.0 -1.0 0.0 -4.0 3.0
	TWALL2_6:
		-256.0 160.0 160.0 -1.0 0.0 0.0 -2.5 3.0
		-256.0 160.0 128.0 -1.0 0.0 0.0 -2.5 2.5
		-256.0 128.0 128.0 -1.0 0.0 0.0 -2.0 2.5
		-256.0 128.0 160.0 -1.0 0.0 0.0 -2.0 3.0
	TWALL2_6:
		-288.0 128.0 160.0 0.0 1.0 -0.0 4.5 3.0
		-256.0 128.0 160.0 0.0 1.0 -0.0 4.0 3.0
		-256.0 128.0 128.0 0.0 1.0 -0.0 4.0 2.5
		-288.0 128.0 128.0 0.0 1.0 -0.0 4.5 2.5
	ECOP1_2:
		-288.0 160.0 160.0 -0.0 0.0 -1.0 0.0 0.0
		-256.0 160.0 160.0 -0.0 0.0 -1.0 0.0 0.0
		-256.0 128.0 160.0 -0.0 0.0 -1.0 0.0 0.0
		-288.0 128.0 160.0 -0.0 0.0 -1.0 0.0 0.0
	TLIGHT08:
		-288.0 160.0 128.0 0.0 0.0 1.0 0.0 1.0
		-288.0 128.0 128.0 0.0 0.0 1.0 0.0 1.0
		-256.0 128.0 128.0 0.0 0.0 1.0 0.0 1.0
		-256.0 160.0 128.0 0.0 0.0 1.0 0.0 1.0
40:
	TWALL2_6:
		-272.0 175.99999999999994 160.0 0.7071067811865475 -0.7071067811865475 0.0 -1.0606601717798219 3.0
		-287.99999999999994 160.0 160.0 0.7071067811865475 -0.7071067811865475 0.0 -1.4142135623730943 3.0
		-287.99999999999994 160.0 128.0 0.7071067811865475 -0.7071067811865475 0.0 -1.4142135623730943 2.5
		-272.0 175.99999999999994 128.0 0.7071067811865475 -0.7071067811865475 0.0 -1.0606601717798219 2.5
	TWALL2_6:
		-272.0 175.99999999999994 160.0 -1.0 -0.0 0.0 -2.749999999999999 3.0
		-272.0 175.99999999999994 128.0 -1.0 -0.0 0.0 -2.749999999999999 2.5
		-272.0 160.0 128.0 -1.0 -0.0 0.0 -2.5 2.5
		-272.0 160.0 160.0 -1.0 -0.0 0.0 -2.5 3.0
	TWALL2_6:
		-287.99999999999994 160.0 160.0 0.0 1.0 0.0 4.499999999999999 3.0
		-272.0 160.0 160.0 0.0 1.0 0.0 4.25 3.0
		-272.0 160.0 128.0 0.0 1.0 0.0 4.25 2.5
		-287.99999999999994 160.0 128.0 0.0 1.0 0.0 4.499999999999999 2.5
	ECOP1_2:
		-272.0 175.99999999999994 160.0 0.0 0.0 -1.0 0.0 0.0
		-272.0 160.0 160.0 0.0 0.0 -1.0 0.0 0.0
		-287.99999999999994 160.0 160.0 0.0 0.0 -1.0 0.0 0.0
	TLIGHT08:
		-272.0 175.99999999999994 128.0 -0.0 0.0 1.0 0.0 1.0
		-287.99999999999994 160.0 128.0 -0.0 0.0 1.0 0.0 1.0
		-272.0 160.0 128.0 -0.0 0.0 1.0 0.0 1.0
41:
	TWALL2_6:
		-288.0 160.00000000000003 160.0 0.7071067811865475 -0.7071067811865475 0.0 -1.414213562373095 3.0
		-288.0 160.00000000000003 128.0 0.7071067811865475 -0.7071067811865475 0.0 -1.414213562373095 2.5
	TWALL2_6:
		-288.0 160.00000000000003 160.0 -1.0 -0.0 0.0 -2.5000000000000004 3.0
		-288.0 160.00000000000003 128.0 -1.0 -0.0 0.0 -2.5000000000000004 2.5
		-288.0 144.0 128.0 -1.0 -0.0 0.0 -2.25 2.5
		-288.0 144.0 160.0 -1.0 -0.0 0.0 -2.25 3.0
	TWALL2_6:
		-288.0 144.0 160.0 0.0 1.0 0.0 4.5 3.0
		-288.0 144.0 128.0 0.0 1.0 0.0 4.5 2.5
	ECOP1_2:
		-288.0 160.00000000000003 160.0 0.0 0.0 -1.0 0.0 0.0
		-288.0 144.0 160.0 0.0 0.0 -1.0 0.0 0.0
	TLIGHT08:
		-288.0 160.00000000000003 128.0 -0.0 0.0 1.0 0.0 1.0
		-288.0 144.0 128.0 -0.0 0.0 1.0 0.0 1.0
42:
	*SLIME0:
		-768.0 576.0 -32.0 1.0 0.0 0.0 0.0 0.0
		-768.0 160.0 -32.0 1.0 0.0 0.0 0.0 0.0
		-768.0 160.0 -64.0 1.0 0.0 0.0 0.0 0.0
		-768.0 576.0 -64.0 1.0 0.0 0.0 0.0 0.0
	*SLIME0:
		-768.0 576.0 -32.0 0.0 -1.0 0.0 0.0 0.0
		-768.0 576.0 -64.0 0.0 -1.0 0.0 0.0 0.0
		-288.0 576.0 -64.0 0.0 -1.0 0.0 0.0 0.0
		-288.0 576.0 -32.0 0.0 -1.0 0.0 0.0 0.0
	*SLIME0:
		-288.0 576.0 -32.0 -1.0 0.0 0.0 0.0 0.0
		-288.0 576.0 -64.0 -1.0 0.0 0.0 0.0 0.0
		-288.0 160.0 -64.0 -1.0 0.0 0.0 0.0 0.0
		-288.0 160.0 -32.0 -1.0 0.0 0.0 0.0 0.0
	*SLIME0:
		-768.0 160.0 -32.0 0.0 1.0 -0.0 0.0 0.0
		-288.0 160.0 -32.0 0.0 1.0 -0.0 0.0 0.0
		-288.0 160.0 -64.0 0.0 1.0 -0.0 0.0 0.0
		-768.0 160.0 -64.0 0.0 1.0 -0.0 0.0 0.0
	*SLIME0:
		-768.0 576.0 -32.0 -0.0 0.0 -1.0 0.0 0.0
		-288.0 576.0 -32.0 -0.0 0.0 -1.0 0.0 0.0
		-288.0 160.0 -32.0 -0.0 0.0 -1.0 0.0 0.0
		-768.0 160.0 -32.0 -0.0 0.0 -1.0 0.0 0.0
	*SLIME0:
		-768.0 576.0 -64.0 0.0 0.0 1.0 0.0 0.0
		-768.0 160.0 -64.0 0.0 0.0 1.0 0.0 0.0
		-288.0 160.0 -64.0 0.0 0.0 1.0 0.0 0.0
		-288.0 576.0 -64.0 0.0 0.0 1.0 0.0 0.0
43:
	TECH02_7:
		-640.0 160.0 128.0 1.0 0.0 0.0 5.0 1.0
		-640.0 128.0 128.0 1.0 0.0 0.0 4.0 1.0
		-640.0 128.0 120.0 1.0 0.0 0.0 4.0 0.9375
		-640.0 160.0 120.0 1.0 0.0 0.0 5.0 0.9375
	TECH02_6:
		-640.0 160.0 128.0 0.0 -1.0 0.0 -20.0 1.0
		-640.0 160.0 120.0 0.0 -1.0 0.0 -20.0 0.9375
		-512.0 160.0 120.0 0.0 -1.0 0.0 -16.0 0.9375
		-512.0 160.0 128.0 0.0 -1.0 0.0 -16.0 1.0
	TECH02_7:
		-512.0 160.0 128.0 -1.0 0.0 0.0 -5.0 1.0
		-512.0 160.0 120.0 -1.0 0.0 0.0 -5.0 0.9375
		-512.0 128.0 120.0 -1.0 0.0 0.0 -4.0 0.9375
		-512.0 128.0 128.0 -1.0 0.0 0.0 -4.0 1.0
	TECH02_6:
		-640.0 128.0 128.0 0.0 1.0 -0.0 20.0 1.0
		-512.0 128.0 128.0 0.0 1.0 -0.0 16.0 1.0
		-512.0 128.0 120.0 0.0 1.0 -0.0 16.0 0.9375
		-640.0 128.0 120.0 0.0 1.0 -0.0 20.0 0.9375
	TECH02_7:
		-640.0 160.0 128.0 -0.0 0.0 -1.0 0.0 1.0
		-512.0 160.0 128.0 -0.0 0.0 -1.0 0.0 1.0
		-512.0 128.0 128.0 -0.0 0.0 -1.0 0.0 1.0
		-640.0 128.0 128.0 -0.0 0.0 -1.0 0.0 1.0
	TECH02_7:
		-640.0 160.0 120.0 0.0 0.0 1.0 0.0 0.9375
		-640.0 128.0 120.0 0.0 0.0 1.0 0.0 0.9375
		-512.0 128.0 120.0 0.0 0.0 1.0 0.0 0.9375
		-512.0 160.0 120.0 0.0 0.0 1.0 0.0 0.9375
44:
	TECH02_7:
		-520.0 160.0 128.0 1.0 0.0 0.0 5.0 1.0
		-520.0 128.0 128.0 1.0 0.0 0.0 4.0 1.0
		-520.0 128.0 0.0 1.0 0.0 0.0 4.0 0.0
		-520.0 160.0 0.0 1.0 0.0 0.0 5.0 0.0
	TECH02_6:
		-520.0 160.0 128.0 0.0 -1.0 0.0 -16.25 1.0
		-520.0 160.0 0.0 0.0 -1.0 0.0 -16.25 0.0
		-512.0 160.0 -0.0 0.0 -1.0 0.0 -16.0 0.0
		-512.0 160.0 128.0 0.0 -1.0 0.0 -16.0 1.0
	TECH02_7:
		-512.0 160.0 128.0 -1.0 0.0 0.0 -5.0 1.0
		-512.0 160.0 -0.0 -1.0 0.0 0.0 -5.0 0.0
		-512.0 128.0 -0.0 -1.0 0.0 0.0 -4.0 0.0
		-512.0 128.0 128.0 -1.0 0.0 0.0 -4.0 1.0
	TECH02_6:
		-520.0 128.0 128.0 0.0 1.0 -0.0 16.25 1.0
		-512.0 128.0 128.0 0.0 1.0 -0.0 16.0 1.0
		-512.0 128.0 -0.0 0.0 1.0 -0.0 16.0 0.0
		-520.0 128.0 0.0 0.0 1.0 -0.0 16.25 0.0
	TECH02_7:
		-520.0 160.0 128.0 -0.0 0.0 -1.0 0.0 1.0
		-512.0 160.0 128.0 -0.0 0.0 -1.0 0.0 1.0
		-512.0 128.0 128.0 -0.0 0.0 -1.0 0.0 1.0
		-520.0 128.0 128.0 -0.0 0.0 -1.0 0.0 1.0
	TECH02_7:
		-520.0 160.0 0.0 0.0 0.0 1.0 0.0 0.0
		-520.0 128.0 0.0 0.0 0.0 1.0 0.0 0.0
		-512.0 128.0 -0.0 0.0 0.0 1.0 0.0 0.0
		-512.0 160.0 -0.0 0.0 0.0 1.0 0.0 0.0
45:
	TECH02_7:
		-640.0 160.0 128.0 1.0 0.0 0.0 5.0 1.0
		-640.0 128.0 128.0 1.0 0.0 0.0 4.0 1.0
		-640.0 128.0 0.0 1.0 0.0 0.0 4.0 0.0
		-640.0 160.0 0.0 1.0 0.0 0.0 5.0 0.0
	TECH02_6:
		-640.0 160.0 128.0 0.0 -1.0 0.0 -20.0 1.0
		-640.0 160.0 0.0 0.0 -1.0 0.0 -20.0 0.0
		-632.0 160.0 -0.0 0.0 -1.0 0.0 -19.75 0.0
		-632.0 160.0 128.0 0.0 -1.0 0.0 -19.75 1.0
	TECH02_7:
		-632.0 160.0 128.0 -1.0 0.0 0.0 -5.0 1.0
		-632.0 160.0 -0.0 -1.0 0.0 0.0 -5.0 0.0
		-632.0 128.0 -0.0 -1.0 0.0 0.0 -4.0 0.0
		-632.0 128.0 128.0 -1.0 0.0 0.0 -4.0 1.0
	TECH02_6:
		-640.0 128.0 128.0 0.0 1.0 -0.0 20.0 1.0
		-632.0 128.0 128.0 0.0 1.0 -0.0 19.75 1.0
		-632.0 128.0 -0.0 0.0 1.0 -0.0 19.75 0.0
		-640.0 128.0 0.0 0.0 1.0 -0.0 20.0 0.0
	TECH02_7:
		-640.0 160.0 128.0 -0.0 0.0 -1.0 0.0 1.0
		-632.0 160.0 128.0 -0.0 0.0 -1.0 0.0 1.0
		-632.0 128.0 128.0 -0.0 0.0 -1.0 0.0 1.0
		-640.0 128.0 128.0 -0.0 0.0 -1.0 0.0 1.0
	TECH02_7:
		-640.0 160.0 0.0 0.0 0.0 1.0 0.0 0.0
		-640.0 128.0 0.0 0.0 0.0 1.0 0.0 0.0
		-632.0 128.0 -0.0 0.0 0.0 1.0 0.0 0.0
		-632.0 160.0 -0.0 0.0 0.0 1.0 0.0 0.0
46:
	TWALL1_4:
		-768.0 160.0 -8.0 1.0 0.0 0.0 2.5 -0.125
		-768.0 128.0 -8.0 1.0 0.0 0.0 2.0 -0.125
		-768.0 128.0 -64.0 1.0 0.0 0.0 2.0 -1.0
		-768.0 160.0 -64.0 1.0 0.0 0.0 2.5 -1.0
	TWALL1_4:
		-768.0 160.0 -8.0 0.0 -1.0 0.0 -12.0 -0.125
		-768.0 160.0 -64.0 0.0 -1.0 0.0 -12.0 -1.0
		-288.0 160.0 -64.0 0.0 -1.0 0.0 -4.5 -1.0
		-288.0 160.0 -8.0 0.0 -1.0 0.0 -4.5 -0.125
	TWALL1_4:
		-288.0 160.0 -8.0 -1.0 0.0 0.0 -2.5 -0.125
		-288.0 160.0 -64.0 -1.0 0.0 0.0 -2.5 -1.0
		-288.0 128.0 -64.0 -1.0 0.0 0.0 -2.0 -1.0
		-288.0 128.0 -8.0 -1.0 0.0 0.0 -2.0 -0.125
	TWALL1_4:
		-768.0 128.0 -8.0 0.0 1.0 -0.0 12.0 -0.125
		-288.0 128.0 -8.0 0.0 1.0 -0.0 4.5 -0.125
		-288.0 128.0 -64.0 0.0 1.0 -0.0 4.5 -1.0
		-768.0 128.0 -64.0 0.0 1.0 -0.0 12.0 -1.0
	TWALL1_4:
		-768.0 160.0 -8.0 -0.0 0.0 -1.0 0.0 -0.125
		-288.0 160.0 -8.0 -0.0 0.0 -1.0 0.0 -0.125
		-288.0 128.0 -8.0 -0.0 0.0 -1.0 0.0 -0.125
		-768.0 128.0 -8.0 -0.0 0.0 -1.0 0.0 -0.125
	TWALL1_4:
		-768.0 160.0 -64.0 0.0 0.0 1.0 0.0 -1.0
		-768.0 128.0 -64.0 0.0 0.0 1.0 0.0 -1.0
		-288.0 128.0 -64.0 0.0 0.0 1.0 0.0 -1.0
		-288.0 160.0 -64.0 0.0 0.0 1.0 0.0 -1.0
47:
	TECH04_5:
		-768.0 160.0 0.0 1.0 0.0 0.0 1.25 -0.625
		-768.0 128.0 -0.0 1.0 0.0 0.0 1.0 -0.625
		-768.0 128.0 -8.0 1.0 0.0 0.0 1.0 -1.125
		-768.0 160.0 -8.0 1.0 0.0 0.0 1.25 -1.125
	TECH02_2:
		-768.0 160.0 0.0 0.0 -1.0 0.0 -48.25 0.0
		-768.0 160.0 -8.0 0.0 -1.0 0.0 -48.25 -0.125
		-320.0 160.0 -8.0 0.0 -1.0 0.0 -20.25 -0.125
		-320.0 160.0 0.0 0.0 -1.0 0.0 -20.25 0.0
	TECH04_5:
		-320.0 160.0 0.0 -1.0 0.0 0.0 -1.25 -0.625
		-320.0 160.0 -8.0 -1.0 0.0 0.0 -1.25 -1.125
		-320.0 128.0 -8.0 -1.0 0.0 0.0 -1.0 -1.125
		-320.0 128.0 0.0 -1.0 0.0 0.0 -1.0 -0.625
	TECH04_5:
		-768.0 128.0 -0.0 0.0 1.0 -0.0 6.0 -0.625
		-320.0 128.0 0.0 0.0 1.0 -0.0 2.5 -0.625
		-320.0 128.0 -8.0 0.0 1.0 -0.0 2.5 -1.125
		-768.0 128.0 -8.0 0.0 1.0 -0.0 6.0 -1.125
	SFLOOR4_2:
		-768.0 160.0 0.0 -0.0 0.0 -1.0 0.0 0.0
		-320.0 160.0 0.0 -0.0 0.0 -1.0 0.0 0.0
		-320.0 128.0 0.0 -0.0 0.0 -1.0 0.0 0.0
		-768.0 128.0 -0.0 -0.0 0.0 -1.0 0.0 0.0
	TECH04_5:
		-768.0 160.0 -8.0 0.0 0.0 1.0 0.0 -1.125
		-768.0 128.0 -8.0 0.0 0.0 1.0 0.0 -1.125
		-320.0 128.0 -8.0 0.0 0.0 1.0 0.0 -1.125
		-320.0 160.0 -8.0 0.0 0.0 1.0 0.0 -1.125
48:
	TWALL1_4:
		-256.0 576.0 -8.0 0.0 -1.0 0.0 -4.0 -0.125
		-288.0 576.0 -8.0 0.0 -1.0 0.0 -4.5 -0.125
		-288.0 576.0 -64.0 0.0 -1.0 0.0 -4.5 -1.0
		-256.0 576.0 -64.0 0.0 -1.0 0.0 -4.0 -1.0
	TWALL1_4:
		-256.0 576.0 -8.0 -1.0 0.0 0.0 -9.0 -0.125
		-256.0 576.0 -64.0 -1.0 0.0 0.0 -9.0 -1.0
		-256.0 160.0 -64.0 -1.0 0.0 0.0 -2.5 -1.0
		-256.0 160.0 -8.0 -1.0 0.0 0.0 -2.5 -0.125
	TWALL1_4:
		-256.0 160.0 -8.0 0.0 1.0 -0.0 4.0 -0.125
		-256.0 160.0 -64.0 0.0 1.0 -0.0 4.0 -1.0
		-288.0 160.0 -64.0 0.0 1.0 -0.0 4.5 -1.0
		-288.0 160.0 -8.0 0.0 1.0 -0.0 4.5 -0.125
	TWALL1_4:
		-288.0 576.0 -8.0 1.0 0.0 0.0 9.0 -0.125
		-288.0 160.0 -8.0 1.0 0.0 0.0 2.5 -0.125
		-288.0 160.0 -64.0 1.0 0.0 0.0 2.5 -1.0
		-288.0 576.0 -64.0 1.0 0.0 0.0 9.0 -1.0
	TWALL1_4:
		-256.0 576.0 -8.0 0.0 0.0 -1.0 0.0 -0.125
		-256.0 160.0 -8.0 0.0 0.0 -1.0 0.0 -0.125
		-288.0 160.0 -8.0 0.0 0.0 -1.0 0.0 -0.125
		-288.0 576.0 -8.0 0.0 0.0 -1.0 0.0 -0.125
	TWALL1_4:
		-256.0 576.0 -64.0 -0.0 0.0 1.0 0.0 -1.0
		-288.0 576.0 -64.0 -0.0 0.0 1.0 0.0 -1.0
		-288.0 160.0 -64.0 -0.0 0.0 1.0 0.0 -1.0
		-256.0 160.0 -64.0 -0.0 0.0 1.0 0.0 -1.0
49:
	TECH02_2:
		-256.0 576.0 0.0 0.0 -1.0 0.0 -16.25 0.0
		-288.0 576.0 -0.0 0.0 -1.0 0.0 -18.25 0.0
		-288.0 576.0 -8.0 0.0 -1.0 0.0 -18.25 -0.125
		-256.0 576.0 -8.0 0.0 -1.0 0.0 -16.25 -0.125
	TECH02_2:
		-256.0 576.0 0.0 -1.0 0.0 0.0 -36.25 0.0
		-256.0 576.0 -8.0 -1.0 0.0 0.0 -36.25 -0.125
		-256.0 192.0 -8.0 -1.0 0.0 0.0 -12.25 -0.125
		-256.0 192.0 0.0 -1.0 0.0 0.0 -12.25 0.0
	TECH02_2:
		-256.0 192.0 0.0 0.0 1.0 -0.0 15.75 0.0
		-256.0 192.0 -8.0 0.0 1.0 -0.0 15.75 -0.125
		-288.0 192.0 -8.0 0.0 1.0 -0.0 17.75 -0.125
		-288.0 192.0 0.0 0.0 1.0 -0.0 17.75 0.0
	TECH02_2:
		-288.0 576.0 -0.0 1.0 0.0 0.0 35.75 0.0
		-288.0 192.0 0.0 1.0 0.0 0.0 11.75 0.0
		-288.0 192.0 -8.0 1.0 0.0 0.0 11.75 -0.125
		-288.0 576.0 -8.0 1.0 0.0 0.0 35.75 -0.125
	TECH02_2:
		-256.0 576.0 0.0 0.0 0.0 -1.0 -0.25 0.0
		-256.0 192.0 0.0 0.0 0.0 -1.0 -0.25 0.0
		-288.0 192.0 0.0 0.0 0.0 -1.0 -0.25 0.0
		-288.0 576.0 -0.0 0.0 0.0 -1.0 -0.25 0.0
	TECH02_2:
		-256.0 576.0 -8.0 -0.0 0.0 1.0 -0.25 -0.125
		-288.0 576.0 -8.0 -0.0 0.0 1.0 -0.25 -0.125
		-288.0 192.0 -8.0 -0.0 0.0 1.0 -0.25 -0.125
		-256.0 192.0 -8.0 -0.0 0.0 1.0 -0.25 -0.125
50:
	TWALL2_6:
		-288.0 191.99999999999997 160.0 0.7071067811865475 -0.7071067811865475 0.0 -1.0606601717798219 3.0
		-319.99999999999994 160.0 160.0 0.7071067811865475 -0.7071067811865475 0.0 -1.7677669529663682 3.0
		-319.99999999999994 160.0 128.0 0.7071067811865475 -0.7071067811865475 0.0 -1.7677669529663682 2.5
		-288.0 191.99999999999997 128.0 0.7071067811865475 -0.7071067811865475 0.0 -1.0606601717798219 2.5
	TWALL2_6:
		-288.0 191.99999999999997 160.0 -1.0 0.0 0.0 -2.9999999999999996 3.0
		-288.0 191.99999999999997 128.0 -1.0 0.0 0.0 -2.9999999999999996 2.5
		-288.0 160.0 128.0 -1.0 0.0 0.0 -2.5 2.5
		-288.0 160.0 160.0 -1.0 0.0 0.0 -2.5 3.0
	TWALL2_6:
		-319.99999999999994 160.0 160.0 0.0 1.0 -0.0 4.999999999999999 3.0
		-288.0 160.0 160.0 0.0 1.0 -0.0 4.5 3.0
		-288.0 160.0 128.0 0.0 1.0 -0.0 4.5 2.5
		-319.99999999999994 160.0 128.0 0.0 1.0 -0.0 4.999999999999999 2.5
	TWALL2_6:
		-288.0 191.99999999999997 160.0 -0.0 0.0 -1.0 0.0 3.0
		-288.0 160.0 160.0 -0.0 0.0 -1.0 0.0 3.0
		-319.99999999999994 160.0 160.0 -0.0 0.0 -1.0 0.0 3.0
	TWALL2_6:
		-288.0 191.99999999999997 128.0 0.0 0.0 1.0 0.0 2.5
		-319.99999999999994 160.0 128.0 0.0 0.0 1.0 0.0 2.5
		-288.0 160.0 128.0 0.0 0.0 1.0 0.0 2.5
51:
	TWALL1_4:
		-288.0 191.99999999999997 -8.0 0.7071067811865476 -0.7071067811865476 0.0 -1.0606601717798219 -0.125
		-320.0 160.0 -8.0 0.7071067811865476 -0.7071067811865476 0.0 -1.7677669529663689 -0.125
		-320.0 160.0 -64.0 0.7071067811865476 -0.7071067811865476 0.0 -1.7677669529663689 -1.0
		-288.0 191.99999999999997 -64.0 0.7071067811865476 -0.7071067811865476 0.0 -1.0606601717798219 -1.0
	TWALL1_4:
		-288.0 191.99999999999997 -8.0 -1.0 0.0 0.0 -2.9999999999999996 -0.125
		-288.0 191.99999999999997 -64.0 -1.0 0.0 0.0 -2.9999999999999996 -1.0
		-288.0 160.0 -64.0 -1.0 0.0 0.0 -2.5 -1.0
		-288.0 160.0 -8.0 -1.0 0.0 0.0 -2.5 -0.125
	TWALL1_4:
		-320.0 160.0 -8.0 0.0 1.0 -0.0 5.0 -0.125
		-288.0 160.0 -8.0 0.0 1.0 -0.0 4.5 -0.125
		-288.0 160.0 -64.0 0.0 1.0 -0.0 4.5 -1.0
		-320.0 160.0 -64.0 0.0 1.0 -0.0 5.0 -1.0
	TWALL1_4:
		-288.0 191.99999999999997 -8.0 -0.0 0.0 -1.0 0.0 -0.125
		-288.0 160.0 -8.0 -0.0 0.0 -1.0 0.0 -0.125
		-320.0 160.0 -8.0 -0.0 0.0 -1.0 0.0 -0.125
	TWALL1_4:
		-288.0 191.99999999999997 -64.0 0.0 0.0 1.0 0.0 -1.0
		-320.0 160.0 -64.0 0.0 0.0 1.0 0.0 -1.0
		-288.0 160.0 -64.0 0.0 0.0 1.0 0.0 -1.0
52:
	TECH02_2:
		-288.0 191.99999999999997 0.0 0.7071067811865475 -0.7071067811865475 0.0 -4.492640687119287 0.0
		-319.99999999999994 160.0 -0.0 0.7071067811865475 -0.7071067811865475 0.0 -7.321067811865473 0.0
		-319.99999999999994 160.0 -8.0 0.7071067811865475 -0.7071067811865475 0.0 -7.321067811865473 -0.125
		-288.0 191.99999999999997 -8.0 0.7071067811865475 -0.7071067811865475 0.0 -4.492640687119287 -0.125
	TECH02_2:
		-288.0 191.99999999999997 0.0 -1.0 0.0 0.0 -12.249999999999998 0.0
		-288.0 191.99999999999997 -8.0 -1.0 0.0 0.0 -12.249999999999998 -0.125
		-288.0 160.0 -8.0 -1.0 0.0 0.0 -10.25 -0.125
		-288.0 160.0 0.0 -1.0 0.0 0.0 -10.25 0.0
	TECH02_2:
		-319.99999999999994 160.0 -0.0 0.0 1.0 -0.0 19.749999999999996 0.0
		-288.0 160.0 0.0 0.0 1.0 -0.0 17.75 0.0
		-288.0 160.0 -8.0 0.0 1.0 -0.0 17.75 -0.125
		-319.99999999999994 160.0 -8.0 0.0 1.0 -0.0 19.749999999999996 -0.125
	TECH02_2:
		-288.0 191.99999999999997 0.0 -0.0 0.0 -1.0 -0.25 0.0
		-288.0 160.0 0.0 -0.0 0.0 -1.0 -0.25 0.0
		-319.99999999999994 160.0 -0.0 -0.0 0.0 -1.0 -0.25 0.0
	TECH02_2:
		-288.0 191.99999999999997 -8.0 0.0 0.0 1.0 -0.25 -0.125
		-319.99999999999994 160.0 -8.0 0.0 0.0 1.0 -0.25 -0.125
		-288.0 160.0 -8.0 0.0 0.0 1.0 -0.25 -0.125
